0.58333,0.4186,0.3058,56.85
0.71642,0.52459,0.6936,23.104
0.775,0.5,0.39269,61.673
0.72093,0.5,0.70835,30.662
0.72289,0.35556,0.74513,28.241
0.72368,0.46154,0.45437,49.129
0.68354,0.38776,0.31254,71.597
0.72603,0.47273,0.52329,43.513
0.6962,0.40816,0.85444,29.339
0.74667,0.60377,0.56509,31.226
0.75,0.575,0.53448,33.97
0.73034,0.46154,0.69978,26.141
0.77108,0.48889,0.63224,32.93
0.74419,0.40476,0.61748,34.807
0.7284,0.59574,0.92104,22.82
0.71264,0.5122,0.69431,35.622
0.80723,0.35556,0.8482,26.788
0.78313,0.53333,0.74021,29.568
0.73034,0.4359,0.74938,27.392
0.79268,0.36957,0.52774,28.717
0.69512,0.3913,0.42366,45.565
0.82667,0.50943,0.65078,30.513
0.67416,0.48718,0.41803,42.041
0.72152,0.34694,0.46888,32.628
0.72973,0.5,0.53946,30.321
0.77778,0.59574,0.48812,42.759
0.79121,0.54054,0.69517,31.461
0.82609,0.36111,0.76661,26.69
0.74157,0.58974,0.79567,24.204
0.82022,0.38462,0.87903,26.298
0.84091,0.575,0.825,29.211
0.73196,0.48387,0.66882,26.414
0.75581,0.47619,1.1414,15.912
0.72941,0.48837,0.555,39.377
0.6988,0.55556,0.50799,34.48
0.79518,0.46667,0.59477,28.521
0.8046,0.60976,0.42406,38.056
0.73684,0.39394,0.63839,31.737
0.68675,0.46667,0.6009,36.994
0.78205,0.56,0.53554,23.685
0.75281,0.51282,0.87345,22.267
0.78161,0.29268,0.86943,19.564
0.7875,0.625,0.77036,21.417
0.80645,0.31429,0.58506,33.282
0.77907,0.38095,0.97627,16.585
0.73494,0.48889,0.60567,30.618
0.81928,0.53333,0.41145,45.359
0.76087,0.52778,0.56643,30.578
0.77528,0.51282,0.36209,51.437
0.76404,0.41026,0.64487,30.41
0.75,0.56818,0.74887,21.643
0.73864,0.55,0.49193,33.282
0.70115,0.58537,0.54376,27.581
0.74118,0.46512,0.88964,16.429
0.78313,0.46667,0.72393,25.46
0.77907,0.61905,0.49193,32.273
0.76344,0.57143,0.9779,14.285
0.71429,0.59459,0.71708,24.648
0.77011,0.43902,1.0425,17.945
0.75294,0.55814,0.76898,26.113
0.72727,0.525,0.46788,49.163
0.82353,0.5814,0.81831,18.554
0.71579,0.60606,0.5874,32.625
0.71591,0.525,0.62509,33.82
0.67857,0.61364,0.60332,31.854
0.72619,0.5,0.94474,24.408
0.81928,0.31111,0.91278,21.708
0.81707,0.47826,0.54801,31.276
0.79775,0.46154,0.5755,29.534
0.7191,0.46154,0.62519,25.368
0.68293,0.47826,0.36259,45.273
0.62821,0.32,0.74491,19.91
0.67692,0.4127,0.52062,26.932
0.75714,0.51724,0.44124,28.588
0.72289,0.4,0.33778,57.718
0.65385,0.36,0.93552,13.526
0.75362,0.40678,0.87647,13.379
0.68421,0.46154,0.51378,27.377
0.65789,0.40385,0.77134,20.809
0.8169,0.36842,0.37695,36.351
0.67089,0.38776,0.34398,40.482
0.70833,0.39286,0.74436,20.393
0.63014,0.32727,0.46574,27.309
0.71875,0.39063,0.5852,21.052
0.53521,0.35088,0.37532,37.237
0.62069,0.32857,0.32199,38.6
0.57627,0.24638,0.38787,41.752
0.64706,0.28571,0.38764,24.681
0.58182,0.31507,0.44533,31.793
0.61818,0.36986,0.5123,25.504
0.44262,0.35821,0.32723,56.157
0.64706,0.28571,0.60048,22.57
0.52727,0.34247,0.33792,37.704
0.55556,0.35135,0.35656,45.204
0.64286,0.20833,0.75938,21.065
0.5098,0.27273,0.68143,17.466
0.57447,0.20988,0.52966,23.544
0.65909,0.28571,0.4271,30.455
0.58491,0.24,0.62054,14.106
0.53061,0.12658,0.44959,22.996
0.58333,0.20652,0.43525,33.882
0.55,0.21591,0.68869,21.398
0.53659,0.13793,0.3415,43.769
0.61765,0.14894,0.25166,52.248
0.6,0.17204,0.27933,54.136
0.45946,0.18681,0.38901,30.689
0.5,0.1383,0.12008,95.741
0.46667,0.20408,0.72173,16.268
0.52941,0.14894,0.47913,19.449
0.46875,0.14583,0.19166,26.52
0.31034,0.13131,1.0367,3.6654
0.54545,0.13208,1.0886,5.4586
0.53846,0.11765,0.60925,17.872
0.30769,0.098039,0.83208,15.003
0.38889,0.11818,0.51361,15.858
0.55,0.14815,0.40769,16.788
0.2963,0.11881,0.37412,23.214
0.3,0.11111,1.3488,8.3945
0.27778,0.063636,0.63279,10.509
0.33333,0.094828,1.0118,7.3073
0.33333,0.035398,0.79736,6.8699
0.33333,0.067227,0.24132,99.981
0.54545,0.068376,0.45995,22.316
0.35714,0.0087719,0.66871,11.913
0.5,0.040984,0.80158,11.212
0.5,0.075,0.8489,15.622
0.30769,0.052174,1.104,7.2372
0.3,0.067797,0.64459,22.41
0.45455,0.059829,0.37342,18.031
0.41667,0.060345,0.73853,16.542
0.66667,0.034483,0.74193,14.444
0.25,0.051724,0.47442,4.3094
0.22222,0.02521,0.84165,5.3467
0.2,0.0081301,0.605,14.545
0,0.015873,0.59213,6.2486
0.5,0.039683,1.44,3.7385
0.16667,0.057377,0.85243,19.18
0.25,0.05,0.20584,67.711
0.125,0.05,0.58176,25.759
0.14286,0.033058,1.8913,0.65565
0.8,0.03252,0.80229,9.9714
0.625,0.016667,0.48458,6.8395
0.42857,0.033058,0.60378,38.188
0.42857,0.024793,0.294,22.562
0,0.04918,1.0709,2.8482
0.33333,0.016393,0.34649,15.729
0,0.024194,4.3214,0.25455
0.33333,0.024,0.50415,1.7852
0.25,0.016129,0.36219,27.15
0,0.016,1.5983,1.8458
0.5,0.039683,0.34833,30.335
0.5,0,2.8523,0.30385
0,0.024,2.1019,0.60263
0.33333,0.056,0.63574,2.3791
0.125,0.025,0.38239,11.245
0.75,0.016129,1.4333,0.66979
0.2,0.03252,0.37212,12.899
0.4,0,0.67036,3.2818
0,0,0,0
0,0.015748,0.6272,4.4643
1,0,0.83789,22.557
0,0,0,0
0,0.015748,0.76298,2.7524
0,0.031746,2.1663,1.6272
0,0,0,0
0,0.03937,1.407,0.66809
0.2,0.0081301,0.57211,26.83
0.5,0.015873,1.1297,8.4683
0.33333,0.032,0.53216,8.0802
0,0.02439,1.6177,1.8957
0,0.016,0.98758,5.2654
0,0,0,0
0,0,0,0
0,0,0,0
0,0,0,0
1,0.015748,9.3267,0.46462
0.33333,0.008,0.69835,3.7231
0,0,0,0
0,0,0,0
1,0.007874,1.2347,1.7818
0,0,0,0
0,0.023622,1.4534,3.0504
0.33333,0.008,0.53826,41.058
0.5,0.0079365,0.57682,12.569
0,0,0,0
0,0,12.5,0.02
0,0,0,0
0,0,0,0
0,0,0,0
0,0.031496,1.2836,2.4151
0.25,0.024194,0.43189,4.8044
0,0,0,0
0,0,0,0
0,0,0,0
0,0,0,0
0,0.023622,0.39586,7.6626
0,0.016,8,0.05
0,0.02381,1.0208,0.68571
0.33333,0.008,2.5312,0.35556
0,0.015873,0.66125,3.4783
0,0,0,0
0,0,0,0
1,0.007874,2.186,1.5783
0,0,0,0
0,0,0,0
0,0,0,0
0,0.015748,0.61728,3.24
0,0,0,0
0,0,0,0
0,0,0,0
0,0,0,0
0,0,0,0
0,0,0.70862,1.764
0,0,0,0
0,0,10.58,0.21739
0,0,0,0
0,0.015748,0.74691,2.2091
0,0.015873,2.7222,0.12857
0,0,0,0
0,0.015748,0.86565,1.444
0,0,0,0
0,0,0,0
0,0,0,0
0,0,0,0
0,0,0,0
0,0.015748,0.52281,26.013
0,0,0,0
0,0,0,0
0,0,0,0
0,0,0.8321,5.8486
0.66667,0.032,0.32283,3.5106
0.16667,0.02459,0.48553,9.9377
0,0,0,0
0,0.031496,0.34462,65.362
0,0,0,0
0,0,0,0
0,0,0.54063,48.277
0.5,0.015873,0.39854,39.394
0.66667,0.024,0.87439,16.08
0,0,0,0
0,0.031746,0.28782,32.312
0,0.016129,4.5,0.1
0.5,0.02381,1.3825,2.6583
0.5,0.040323,0.79588,6.7311
0.42857,0.024793,0.53901,13.605
0.33333,0.0081967,0.79614,0.71176
0,0.016,3.373,5.7367
0,0.039683,0.40321,20.833
0.4,0.03252,1.6037,4.3546
0.5,0.057377,0.58553,7.4804
0.1,0.042373,0.46673,17.176
0.16667,0.04918,1.1499,1.4784
0.14286,0.041322,1.5965,1.3362
0.16667,0.032787,1.3789,2.5672
0.6,0.04878,0.68361,22.202
0.11111,0.058824,0.28748,6.1742
0.125,0.05,0.44559,7.0854
0.42857,0.033058,0.76774,6.4382
0.28571,0.049587,0.91472,14.417
0,0.083333,0.81474,3.8417
0.1,0.042373,1.2832,9.4298
0.33333,0.057377,1.1309,11.18
0.33333,0.058824,0.83673,11.808
0.1,0.059322,0.28375,44.625
0.25,0.058333,0.96042,5.2176
0.11111,0.058824,1.2968,3.2773
0.5,0.10833,0.95539,4.9256
0.17647,0.063063,0.74926,17.404
0.2,0.076271,0.70139,5.5344
0.27273,0.059829,0.61625,9.428
0.6,0.10169,0.70897,11.872
0.27778,0.11818,0.41191,26.192
0.11111,0.1,0.68863,9.5731
0.38462,0.10435,0.85767,7.7295
0.17647,0.063063,0.32395,18.645
0.5,0.12712,0.35633,11.043
0.3,0.12963,0.5403,14.501
0.35,0.12963,0.35424,19.72
0.38095,0.11215,0.40949,21.856
0.35,0.12963,0.58098,6.6554
0.38095,0.1028,0.3274,35.929
0.21053,0.082569,0.54115,15.082
0.38462,0.14783,0.66332,7.3323
0.13636,0.14151,0.27813,33.578
0.33333,0.13636,0.65856,11.15
0.33333,0.084112,0.45604,17.817
0.5625,0.14286,0.31394,28.923
0.44,0.15534,0.5564,32.151
0.48148,0.049505,0.47159,13.017
0.38889,0.11818,0.61691,13.211
0.65,0.23148,0.46831,26.928
0.42105,0.17778,0.66071,19.028
0.625,0.16667,0.52394,26.715
0.41667,0.1413,0.5994,25.847
0.39286,0.21,0.44849,17.441
0.34375,0.19792,0.31462,41.224
0.43333,0.091837,0.63413,10.035
0.36364,0.16981,0.28045,58.972
0.38462,0.15686,0.85171,14.595
0.57692,0.17647,0.80585,20.994
0.48485,0.12632,0.5331,14.015
0.53571,0.22,0.5125,19.992
0.37838,0.1978,0.36752,21.725
0.4375,0.27083,0.77321,16.8
0.45,0.17045,0.69079,14.292
0.39394,0.28421,0.45302,37.918
0.6,0.26136,0.45453,27.73
0.42553,0.32099,1.0488,14.393
0.54348,0.2439,0.56755,18.301
0.44444,0.27711,0.59248,17.981
0.44186,0.27059,0.61053,19.242
0.40476,0.40698,0.74649,11.93
0.5,0.23684,0.67006,23.624
0.5,0.2619,0.98923,14.874
0.54545,0.33333,0.73218,15.796
0.44231,0.26316,0.75878,15.438
0.4186,0.25882,0.7047,12.63
0.375,0.23864,0.46541,26.977
0.25,0.28261,0.56487,19.661
0.45714,0.23656,0.80282,12.738
0.5,0.37778,0.48526,33.87
0.49057,0.25333,0.56074,16.53
0.44444,0.33735,0.53839,22.598
0.47917,0.3,0.4275,22.113
0.46809,0.46914,0.79197,16.082
0.56667,0.27941,0.5145,17.166
0.41509,0.36,0.78345,17.14
0.42857,0.35443,0.60157,16.206
0.55102,0.3038,0.69509,10.666
0.52941,0.37662,0.56791,27.454
0.53571,0.40278,0.76556,9.3052
0.50847,0.47826,1.1141,13.198
0.5873,0.33846,0.56862,15.294
0.62712,0.44928,0.53137,20.496
0.52941,0.3,0.56485,23.52
0.57407,0.37838,0.61002,27.874
0.59322,0.31884,0.71881,18.893
0.63158,0.4507,0.33193,40.604
0.54412,0.4,0.83535,15.927
0.4918,0.25373,0.62872,24.504
0.42553,0.34568,0.58645,17.243
0.5,0.35,0.85962,11.219
0.65385,0.40789,0.33536,59.647
0.73846,0.4127,0.29209,47.556
0.54054,0.40741,0.48554,31.309
0.56452,0.28788,0.71307,22.695
0.74074,0.40541,0.5797,27.433
0.64286,0.36207,0.70864,18.159
0.66667,0.29032,0.78137,18.225
0.6129,0.39394,0.54635,27.518
0.60938,0.34375,0.7694,23.966
0.62295,0.40299,0.60393,24.904
0.63077,0.38095,0.60414,21.748
0.55385,0.34921,0.72879,18.399
0.67241,0.35714,0.88177,13.983
0.5625,0.4375,0.57729,27.402
0.64063,0.45313,0.56443,27.715
0.67143,0.34483,0.64578,25.853
0.62687,0.47541,0.36897,64.683
0.71831,0.45614,0.8337,17.358
0.68831,0.31373,0.51918,41.914
0.68116,0.44068,0.44278,39.229
0.63014,0.34545,0.49002,42.24
0.83077,0.57143,0.51798,29.538
0.73333,0.5,0.46019,38.076
