17.3
0
0
0
3.8
7.1
10.4
0
0
0
0
0
0
0
0
0
0
0
0
0
0
0
0
35.1
0
0
0
0
6.4
6.9
0
0
0
0
0
0
0
0
0
0
0
0
0
0
0
52.1
0
0
0
2.8
12.7
0
0
0
7.4
0
6.9
40.1
18.5
0
41.4
77
44.5
26.2
127.5
78.2
0
0
0
0
0
0
41.9
0
26.9
0
0
0
0
3.6
12.7
0
20.6
4.1
0
0
0
12.7
7.9
0
0
0
0
0
0
0
0
0
0
0
0
0
0
0
0
0
0
0
0
0
0
0
0
0
0
0
0
0
0
0
0
0
0
0
0
0
0
0
0
0
0
0
0
0
0
0
0
0
0
0
0
0
0
0
0
0
0
0
0
0
0
0
0
0
0
0
0
0
2.8
0
0
0
0
0
0
0
0
0
0
0
0
0
0
0
0
0
0
0
44.7
39.6
0
0
0
0
0
0
0
0
0
0
0
0
0
0
0
0
0
0
0
0
0
0
0
0
0
0
0
0
0
0
0
0
0
0
0
0
0
0
0
0
0
0
0
0
0
0
0
0
0
0
0
0
0
0
0
0
0
0
0
0
0
0
0
0
0
0
0
0
0
0
0
0
0
0
0
0
0
0
0
0
0
0
0
0
0
0
0
0
10.4
0
0
0
0
0
0
0
0
0
0
0
4.3
0
0
0
0
0
0
0
0
0
0
0
0
0
0
0
0
0
0
0
0
0
0
0
0
0
0
0
5.1
0
0
0
5.8
0
0
0
0
0
0
0
0
0
0
0
0
0
19.1
0
0
0
0
0
0
0
2.5
0
17.3
7.9
0
0
0
0
0
0
0
0
0
0
2
0
0
0
0
2.3
0
0
5.6
21.6
0
2.8
0
0
0
0
0
0
35.8
0
6.1
0
50.8
0
0
0
0
0
6.6
0
0
0
0
0
0
5.1
0
0
0
0
0
0
0
0
0
0
0
0
0
0
0
0
0
11.4
0
0
0
13.2
11.2
1
3
3
0
0
3.8
18
0
0
0
20.6
19.3
8.4
0
8.6
0
0
28.4
0
0
6.9
33.5
0
0
0
0
0
0
0
0
0
0
0
0
0
0
0
0
0
0
0
3
11.7
0
0
0
0
0
0
0
0
2.8
0
0
0
0
0
0
0
0
0
0
0
0
0
0
0
0
0
0
0
0
0
0
0
0
0
0
0
45.2
0
0
0
0
0
0
0
0
0
0
0
0
0
0
0
0
0
0
0
0
0
0
0
0
0
0
0
19.1
0
0
0
0
0
0
0
0
0
0
0
0
0
0
0
0
0
0
0
0
0
0
0
0
0
0
0
0
0
0
0
0
0
0
0
0
0
0
0
0
0
0
0
0
0
0
0
0
0
0
0
0
0
0
0
0
0
0
0
0
0
0
0
0
0
0
0
0
0
0
0
0
0
0
0
0
0
0
0
0
0
0
0
0
0
0
0
0
0
0
0
0
0
0
0
0
0
0
0
0
0
0
0
0
0
0
0
0
0
0
0
0
0
0
0
0
0
0
0
0
0
0
0
0
0
0
0
0
0
0
0
0
0
0
0
0
0
0
0
0
0
0
0
0
0
0
0
0
0
5.8
24.1
1.5
0
0
0
0
0
0
0
0
0
0
10.7
0
0
0
0
0
0
2.5
5.1
0
0
0
0
0
0
0
0
0
0
8.9
0
3.3
0
0
1.8
42.4
1.8
12.2
0
0
0
0
0
0
0
0
0
0
0
0
6.4
0
0
0
0
0
0
0
5.8
5.1
0
0
39.9
54.6
2.5
2.5
3
21.8
15.5
24.4
62.2
0.8
2.8
1.3
13.5
0.3
18.3
40.9
71.6
13.2
0
0
0
25.9
44.5
3
0
0
0
2.5
0
1.3
0
0
8.6
0
0
0
0
0
0
0
0
0
0
0
0
6.6
0
14
0
0
0
0
0
0.3
3.3
0
0
0
14
0
0
0
0
0
19.1
0
7.9
0.5
0
0
15.5
87.1
0
0
0
0
0
0
0
0
0
0
0
0
10.2
0
0
0
0
0
0
0
0
0
0
0
0
0
0
0
0
0
0
0
0
0
0
0
0
0
0
0
0
0
0
0
0
0
0
0
0
0
0
0
0
0
0
0
0
0
0
0
0
0
0
0
0
0
0
0
0
0
0
0
0
0
0
0
0
0
0
0
0
0
0
0
0
0
0
0
0
0
0
0
0
0
0
0
0
0
0
0
0
0
0
0
0
0
0
0
0
0
0
0
0
0
0
0
0
0
0
0
0
0
0
0
0
0
0
0
0
0
0
0
0
0
0
0
0
0
0
0
0
0
0
0
0
0
0
0
0
0
0
0
0
0
0
0
0
0
0
0
0
0
0
0
0
0
0
0
0
0
0
0
0
0
0
0
0
0
0
0
0
0
0
0
0
0
0
0
0
0
0
0
4.1
0
0
0
0
0
0
0
0
0
0
0
0
0
0
0
0
0
0
0
0
0
0
0
0
0
0
0.8
12.2
0
0
0
0
0
0
0
0
0
0
0
0
0
0
0
0
0
0
0
0
0
0
0
0
0
0
0
0
0
0
0
0
0
0
0
0
0
0
0
0
0
64.3
0
0
0
0
0
0
0
0
0
0
7.6
4.1
0
0
0
1.5
0.8
0
0
14
0
0
0
0
0
0
1.5
10.4
9.7
10.9
0
0
0
63.8
142.2
31.8
7.1
0
0
0
0
0
1.5
0
0
0
4.1
15.5
0
0
0
0
16.5
0
0
0
0
0
41.7
15.5
0
34.8
0
0
6.4
2
31.8
0
0
0
0
19.1
1
0
2.5
41.9
37.1
104.4
6.4
10.4
0.8
3.8
2.5
0
0
0
0
0
0
0
0
0
0
0
12.7
0
0
0
0
0
0
0
0
0
0
2.3
0
0
0
0
0
0
0
0
0
0
0
0
10.4
0
0
0
0
0
0
0
0
0
0
0
0
0
0
0
0
0
0
0
0
0
0
0
0
0
0
0
0
0
0
0
0
0
0
0
0
0
0
0
0
0
0
0
0
0
0
0
0
0
0
0
0
0
0
0
0
0
0
0
0
0
0
0
0
0
0
0
0
0
0
0
0
0
0
0
0
0
0
0
0
0
0
0
0
0
0
0
0
0
0
0
1.3
0
0
0
0
14
0
0
0
0
0
0
0
0
0
0
0
0
0
0
0
0
0
0
0
0
0
0
0
0
0
0
0
0
0
0
0
0
0
0
0
0
0
0
0
0
0
0
0
0
0
0
0
0
0
0
0
0
0
0
0
0
0
0
0
0
0
0
0
0
0
0
0
0
0
0
0
0
0
0
0
0
0
0
0
0
0
0
0
0
0
0
0
0
0
0
0
0
0
0
0
0
0
0
0
0
0
0
0
0
0
0
0
0
0
0
0
0
0
0
0
0
0
0
0
0
0
0
0
17.8
0
0
0
0
3
0
5.6
0
4.3
0
29.5
0
0
11.4
39.6
36.6
0
0
0
8.9
0
0
130.8
0
0
0
0
0
0
0
0
1.5
0
0
0
0
0
7.1
0
0
0
0
0
0
0
0
0
0
0
0
0
0
0
0
0
0
0
0
0
0
58.4
0
3.8
69.1
13.5
0
3
1.5
0
38.1
0
0
2.5
3
0
0
0
34.8
7.6
10.2
0
0
0
0
53.1
0
0
3.3
0
0
3
4.8
1.8
0.5
3.6
0
9.4
15.2
0
0
0
7.6
0
0
1.8
2.3
0.3
0
0
0
0
0
135.6
0
0
0
0
2.8
5.6
0
0
0
1.3
0
0
0
0
5.8
2.8
0
0
0
0
0
5.8
0
0
0
0
0
0
0
0
0
0
0
5.1
2.3
0
0
0
0
0
0
0
0
0
0
0
0
0
0
0
0
0
0
0
0
0
0.5
0
0
0
0
0
0
0
0
0
0
0
0
0
0
0
0
0
0
0
0
0
0
0
0
0
0
0
0
0
0
0
0
0
0
0
0
0
0
0
0
0
0
0
0
0
0
0
0
0
0
5.8
1.8
25.9
0
0
0
0
0
0
0
0
0
0
0
0
0
0
0
0
0
0
0
0
0
0
0
0
0
0
0
0
0
0
0
0
0
0
0
0
0
0
0
0
0
0
0
0
0
0
0
0
0
0
0
0
0
0
0
0
0
0
0
0
0
0
0
0
0
0
0
0
0
0
0
0
0
0
0
0
0
0
0
0
0
0
0
0
0
0
0
0
0
0
0
0
0
0
0
2.8
5.1
0
0
0
0
0
0
0
0
0
0
0
0
0
0
0
0
0
0
0
0
0
0
0
0
0
0
23.1
0
16.3
0
0
0
0
0
0
0
0
0
0
0
0
0
0
0
0
8.9
0
0
0
0
0
0
0
0
0
5.1
0
0
0
0
0
0
0
0
0
0
0
7.4
0
0
0
0
0
0
8.9
0
0
0
0
0
0
0
0
0
0
0
0
0
7.6
0
0
7.6
17.3
0
0
0
0
7.6
9.9
9.1
12.7
6.9
0
17.3
156.2
99.3
23.6
80.8
70.4
12.7
11.4
20.1
1.3
0
0
0
12.7
5.8
10.9
25.4
0
0
0
0
0
21.8
2.3
0
0
0
0
32
16.5
21.8
128.5
44.5
0
0
0
0
0
0
0
0
10.4
29.2
0
0
9.7
0
0
0
0
0
0
0
33
0
2.5
12.7
0
0
0
5.1
11.9
0
0
0
7.6
59.7
2
0
0
0
0
0
0
0
0
0
0
0
0
0
5.8
10.9
14.2
0
2.5
0
13
6.1
0
0
0
0
0
0
0
0
0
0
0
0
0
0
0
0
0
0
0
0
0
0
0
0
0
0
0
0
0
0
0
0
0
0
0
0
0
0
0
0
0
0
0
0
0
0
0
0
0
0
0
0
0
0
0
0
0
0
0
0
0
0
0
0
0
0
0
0
0
0
0
0
0
0
0
0
0
0
0
0
0
0
0
0
0
0
0
0
0
0
0
0
0
0
0
0
0
0
0
0
0
0
0
0
0
0
0
0
0
0
0
0
0
0
0
0
0
0
0
0
0
0
0
0
0
0
0
0
0
0
0
0
0
0
0
0
0
0
0
0
0
0
0
0
0
0
0
0
0
0
0
0
0
0
0
0
0
0
0
0
0
0
0
0
0
0
0
0
0
0
0
0
0
0
0
0
0
0
0
0
0
0
0
0
0
0
0
0
0
0
0
0
0
0
0
0
0
0
0
0
0
0
0
0
0
0
0
0
0
0
0
0
0
0
0
0
0
0
0
0
0
0
11.7
0
0
1.3
0
1.5
0
0
0
0
0
0
0
4.1
0
0
0
0
0
0
0
0
0
0
0
0
0
0
2.5
6.6
6.6
0
41.9
0
0
0
0
0
0
0
0
0
0
0
0
0
0
0
0
0
57.2
92.7
0
0
20.3
12.7
19.8
0
0
0
0
0
0
47.8
3.3
0
0
8.6
14.7
5.1
10.2
52.8
63.5
2.5
0
0
0
12.7
85.1
0
0
0
0
0
0
14
0
0
0
0
0
0
0
0
0
0
0
0
45.2
5.1
20.6
7.6
0
0
0
0
0
0
0
0
0
0
0
0
0
0
0
0
34.3
27.4
41.9
10.2
30.5
0
0
0
10.9
0
0
0
0
5.8
80.8
60.5
59.2
15
0.5
12.7
31.8
52.1
0.8
0
0
0
0
0
0
0
0
0
0
0
0
0
0
0
0
0
0
0
0
0
0
0
0
0
0
0
0
0
0
0
0
0
0
0
0
0
0
0
0
0
0
0
0
0
0
0
0
0
0
0
0
0
0
0
81.3
1.5
0
0
0
0
0
0
0
0
0
0
0
0
0
2
0
0
0
0
0
0
0
0
0
0
0
0
0
0
0
0
0
0
0
0
0
0
0
0
0
0
0
0
0
0
0
0
0
0
0
0
0
0
0
0
0
0
0
0
0
0
0
0
0
0
0
0
0
0
0
0
0
0
0
0
0
0
0
0
0
0
0
0
0
0
0
0
0
0
0
0
0
0
0
0
0
0
0
0
0
0
0
0
0
0
0
0
0
0
0
0
0
0
0
0
0
0
0
0
0
0
0
0
0
0
0
0
0
0
0
0
0
0
0
0
0
0
0
0
0
0
0
0
0
0
0
0
0
0
0
0
0
0
0
0
0
0
0
0
0
0
0
0
0
53.8
0
0
0
0
0
10.4
0
0
53.3
0
0
0
0
0
67.3
0
0
0
0
0
0
0
0
0
1.3
11.4
0
8.9
0
0
0
0
0
0
0
0
0
0
0
0
0
0
0
0
0
0
0
0
0
0
0
0
0
43.2
2.5
33.5
49.5
0
22.1
0
0
12.7
50.8
17.8
0
0
0
0
0
0
16.5
8.1
0
16.5
1.5
0
0
0
0
0
0
0
0
0
0
0
0
21.6
6.4
10.9
0
2.5
0
0
0
0
0
0
0
0
0
0
0
0
0
64.3
4.1
0
0
0
0
0
0
0
0
0
0
0
0
0
0
0
0
0
0
0
0
0
0
0
0
0
0
0
0
0
0
0
0
0
0
0
0
0
0
0
0
0
0
0
0
0
0
0
0
0
0
0
0
0
0
0
0
0
0
0
33.5
18.5
0
0
0
0
0
0
0
0
0
0
0
0
0
0
0
0
0
0
0
0
0
0
0
0
0
0
0
0
0
0
0
0
13.2
0
0
0
0
0
0
0
0
0
0
0
0
0
0
0
0
0
0
0
0
0
0
0
0
0
0
0
0
0
0
0
0
0
0
0
0
0
0
0
0
0
0
0
0
0
0
0
0
0
0
0
0
0
0
0
0
0
0
0
0
0
0
0
0
0
0
0
0
0
0
0
0
0
0
0
0
0
0
0
0
0
0
0
0
0
0
0
0
0
0
0
0
0
0
0
0
0
0
0
0
0
0
0
0
0
0
0
0
0
0
0
0
0
0
0
0
0
0
0
0
0
0
0
0
0
0
0
0
0
0
0
0
0
0
0
0
0
0
0
0
0
0
0
0
0
0
0
0
0
0
0
0
0
0
0
0
10.9
0
32.3
0
0
0
46.7
0
0
0
0
0
0
0
0
0
0
0
0
0
0
20.3
0
0
0
5.1
0
5.1
0
0
0
0
0
0
0
0
0
0
0
13.2
0
0
0
0
0
0
0
0
8.9
0
0
0
0
0
0
0
54.6
11.4
13.5
0
0
62.2
0
0
0
0
0
0
0
0
0
0
0
0
0
0
0
0
0
0
0
0
0
0
0
0
0
0
0
0
0
0
0
0
0
0
30.5
11.4
29.5
0
0
0
5.8
0
0
0
0
22.9
20.3
18.8
0
0
50.8
0
0
0
0
0
0
0
30.5
44.5
11.9
15.2
0
0
0
0
0
12.7
21.6
7.6
59.7
0
0
0
0
0
0
0
0
0
0
0
0
0
0
0
0
0
0
0
0
0
0
0
0
0
0
0
0
0
0
0
0
0
0
0
0
0
0
0
0
0
0
0
0
0
0
0
0
0
0
0
0
0
0
0
0
0
0
0
0
0
0
0
0
0
0
0
0
0
0
0
0
0
0
0
0
0
0
0
0
0
0
0
0
0
0
0
0
0
0
0
0
0
0
0
0
0
0
0
0
0
0
0
0
0
0
0
0
0
0
0
0
0
0
0
0
0
0
0
0
0
0
0
0
0
0
0
0
0
0
0
0
0
0
0
0
0
0
0
0
0
0
0
0
0
0
0
0
0
0
0
0
0
0
0
0
0
0
0
0
0
0
0
0
0
0
0
0
0
0
0
0
0
0
0
0
0
0
0
0
0
0
0
0
0
0
0
0
0
0
0
0
0
0
0
0
0
0
0
0
0
58.4
0
0
0
0
0
0
0
0
0
0
0
0
0
0
0
0
0
0
0
0
0
36.8
0
0
0
0
0
0
0
0
0
0
0
0
0
20.3
0
0
0
0
0
0
0
0
0
0
0
7.6
0
2.5
7.6
5.1
0
0
0
0
0
0
0
0
0
0
0
0
0
0
0
0
0
0
0
0
0
0
0
0
7.6
0
0
0
0
0
0
0
0
0
0
0
0
0
0
30.5
0
0
0
0
15.5
10.2
0
0
0
0
0
0
0
0
0
0
0
0
0
0
0
0
0
0
7.6
30.5
0
38.1
10.2
7.9
0
20.3
0
6.4
0
0
0
0
0
0
12.7
0
0
0
0
0
20.3
2.5
0
26.7
0
0
0
0
0
0
0
0
0
0
4.8
15.2
0
5.1
6.4
31.2
45.7
71.1
10.2
43.2
5.8
6.4
0
25.4
43.7
40.6
5.6
0
0
0
0
0
0
0
0
0
0
0
0
0
0
0
0
0
0
0
0
0
0
0
0
0
0
0
0
0
0
0
0
0
0
0
0
0
0
0
0
0
0
0
0
0
0
0
0
0
0
0
0
0
0
0
0
0
0
0
0
0
0
0
0
27.9
19.1
0
0
0
0
0
0
0
0
0
0
0
0
0
0
0
0
0
0
0
0
0
0
0
0
0
0
0
0
0
0
0
0
0
0
0
0
0
0
0
0
0
0
0
0
0
0
0
0
0
0
0
0
0
0
0
0
0
0
0
0
0
0
0
0
0
0
0
0
0
0
0
0
0
0
0
0
0
0
0
0
0
0
0
0
0
0
0
0
0
0
0
0
0
0
0
0
0
0
0
0
0
0
0
0
0
0
0
0
0
0
0
0
0
0
0
0
0
0
0
0
0
0
0
0
0
0
0
0
0
0
0
0
0
0
0
0
0
0
0
0
0
0
0
0
0
0
0
0
0
0
0
0
0
0
0
0
0
0
0
0
0
10.2
0
0
0
0
0
0
0
0
0
0
0
0
30.7
0
0
15.5
0
0
0
0
0
0
3.8
0
0
0
0
0
0
0
0
1
0
33
0
0
0
0
0
0
82.6
38.9
12.7
0
5.1
0
0
15.2
35.6
0
10.2
0
0
0
0
0
0
0
0
0
0
0
0
0
0
0
0
0
0
0
0
0
0
0
162.6
25.4
0
0
0
0
0
0
0
0
0
0
0
26.4
6.1
5.1
35.6
4.1
0
0
0
7.6
0
0
37.3
2.5
0
0
0
0
0
0
0
40.4
0
0
0
0
0
12.2
0
0
0
0
2.5
20.3
7.6
0
0
0
17.8
0
0
0
3.3
0
0
0
0
26.2
1.5
0
0
0
0
0
0
78
0
0
0
2.5
0
0
0
0
0
7.6
0
0
0
0
0
0
0
0
0
0
0
0
0
0
5.6
0
0
0
0
0
0
0
0
0
0
0
0
0
0
0
0
0
0
0
0
0
0
0
0
0
0
0
0
0
0
0
0
0
0
0
0
0
0
0
0
0
0
0
0
0
0
0
0
0
0
0
0
0
0
0
0
0
0
0
0
0
0
0
0
0
0
0
0
0
0
0
0
0
0
0
0
0
0
0
0
0
0
0
0
0
0
0
0
0
0
0
0
0
0
0
0
0
0
0
0
0
0
0
0
0
0
0
0
0
0
0
0
0
0
0
0
0
0
0
0
0
0
0
0
0
0
0
0
0
0
0
0
0
0
0
0
0
0
0
0
0
0
0
0
0
0
0
0
0
0
0
0
0
0
0
0
0
0
0
0
0
0
0
0
0
0
0
0
0
0
0
0
0
0
0
0
0
0
0
0
0
0
0
0
0
0
0
0
0
0
0
0
0
0
0
0
0
0
0
0
0
0
0
0
0
0
0
0
0
0
0
0
0
0
3
1.3
0
0
0
0
0
0
2.5
0
5.1
0
0
0
0
0
0
0
0
0
0
12.7
0
0
0
0
0
0
0
64.5
0
10.2
0
0
0
12.7
0
0
39.1
0
10.2
33.8
38.6
1.5
0
0
0
0
0
2.5
0
4.1
0
2.3
0
0
0
0
6.4
30.5
0
2.8
0
0
15.2
2.5
0
0
14.2
2.5
71.1
58.4
0
0
5.1
0
0
11.9
0
0
11.4
0
2.5
0
0
4.6
6.4
15.2
1.5
3
39.1
32.3
16
0
0
0
10.9
0
2.3
0
0
0
0
39.1
0
0
0
0
0
0
0
0
0
0
0
0
0
0
0
0
0
0
0
0
0
0
0
0
0
0
0
0
0
0
0
0
0
0
0
0
0
0
0
0
0
0
0
0
0
0
0
0
0
0
0
0
0
0
0
0
0
0
0
0
0
0
0
0
0
0
0
0
0
0
0
0
0
0
0
0
0
0
0
0
0
0
0
0
0
0
0
0
0
0
0
0
0
0
0
0
0
0
0
0
0
0
0
0
0
0
0
0
0
0
0
0
0
0
0
0
0
0
0
0
0
0
0
0
0
0
0
0
0
0
0
0
0
0
0
0
0
0
0
0
0
0
0
0
0
0
0
0
0
0
0
0
0
0
0
0
0
0
0
0
0
0
0
0
0
0
0
0
0
0
0
0
0
0
0
0
0
0
0
0
0
0
0
0
0
0
0
0
0
0
0
0
0
0
0
0
0
0
0
0
0
0
0
0
0
0
0
0
0
0
0
0
0
0
0
0
0
0
0
0
0
0
0
0
0
0
0
0
0
0
0
1.3
0
0
0
0
0
0
0
0
0
0
0
0
0
0
0
0
0
0
0
0
0
0
0
0
0
0
0
0
0
1
0
22.9
8.1
0
0
0
0
0
0
0
0
0
0
0
0
0
0
0
0
0
10.2
0
0
0
0
0
0
0
0
0
0
13
0
6.4
0
0
14
0
0
7.1
0
0
0
1.5
0
0
0
27.4
1
1
0.5
0
0
0
0
0
0
16.5
0
0
0
0
0
0
0
4.1
0
0
0
0
0
0
0
22.6
13.7
0.3
11.4
7.1
2
0
10.2
0
0
2
46.5
27.7
0
0
0
0
0
29.2
0
0
13.7
0
38.1
0
2
0
0
21.1
0
0
0
0
23.9
0
0
0
0
0
0
0
0
13
18.8
4.6
3
0
0
0
0
0
15.2
13.2
38.1
0
0
0
0
0
0
0
0
0
0
0
0
0
0
0
0
0
0
0
0
0
0
0
0
0
0
0
0
0
0
0
0
0
0
0
0
0
0
0
0
0
0
0
0
0
0
0
0
0
0
0
0
0
0
0
0
0
0
0
0
0
0
0
0
0
0
0
0
0
0
0
0
0
0
0
0
0
0
0
0
0
0
0
1.5
0
0
0
0
0
0
0
0
0
0
0
0
0
0
0
0
0
0
0
0
0
0
0
0
0
0
0
0
0
0
0
0
0
0
0
0
0
0
0
0
0
0
0
0
0
0
0
0
0
0
0
0
0
0
0
0
0
0
0
0
2.5
0
0
0
2.8
2.3
0
0
0
0
0
0
0
0
0
0
0
0
0
0
0
0
0
0
0
0
0
0
0
0
0
0
0
0
0
0
0
0
0
0
0
2
0
0
0
0
0
0
0
0
0
0
0
0
0
0
0
3
0
0
0
0
2.8
0
0
0
0
0
0
0
0
0
0
0
0
0
0
0
8.4
0
0
0
0
0
0
0
0
0
2.8
0
0
0
0
0
0
0
0
43.7
0
23.9
14.5
0
7.6
0
0
0
8.4
0
0
0
0
0
0
0
0
3
0
0
0
0
3.6
2.8
3.6
0
0
0
32
0
4.6
0
0
0
0
0
22.9
0
0
0
0
17.8
0
0
0
0
0
0
0
0
0
0
0
0
0
0
0
0
0
0
0
0
0
0
0
0
0
0
6.6
0
0
0
19.8
0
0
0
0
0
7.6
0
0
3.8
0
0
0
0
17
0
0
26.9
17.3
8.9
0
2.8
11.9
4.1
0
0
0
2.8
0
0
0
0
2.8
5.3
4.3
33
0
0
0
0
17
0
0
0
0
0
0
0
12.4
0
0
0
0
0
0
0
0
0
0
83.3
17
31.2
0
0.8
0
10.4
0
10.9
0
14.7
20.6
3.3
1.8
0
0
0
0
0
0
0
0
0
0
0
0
0
0
0
0
0
0
0
0
0
0
0
0
0
0
0
0
0
0
0
0
0
0
0
0
0
0
0
0
0
0
0
0
0
0
0
0
0
0
0
0
0
0
0
0
0
0
0
0
0
0
0
0
0
0
0
0
0
0
0
0
0
0
0
0
0
0
0
0
0
0
0
0
0
0
0
0
0
0
0
0
0
0
0
0
0
0
0
0
0
0
0
0
0
0
0
0
0
0
0
0
0
0
0
0
0
0
0
0
0
0
0
0
0
0
0
0
0
0
0
0
0
0
0
0
0
0
0
0
0
0
0
0
0
0
0
0
0
0
0
0
0
0
0
0
0
0
0
0
0
0
0
1
0
0
0
0
0
0
0
0
0
0
0
0
0
0
0
0
0
0
0
0
0
0
0
0
0
0
0
0
0
0
0
0
0
0
0
0
0
0
0
0
0
4.1
0
0
0
5.6
0
0
0
0
0
0
4.3
26.4
0
0
0
0
0
0
0
0
0
8.6
10.7
2.8
0
0
24.4
0
2
4.3
7.9
0.8
0
0
0
0
0
13
0
0
0
4.1
0
0
0
0
0
2.8
5.3
1.5
0
5.6
0
0
0
0
3.8
0
0
0
0
0
4.3
0
0
0
0
0
2.8
0
10.4
0
0
0
0
0
0
0
0
0
0
2.3
0
11.9
0
0
0
0
0
0
0
12.2
1
5.3
0
0
31.2
11.9
0
34.3
9.4
0
1
13
15
2.5
62.7
26.9
1.5
1.3
0
0
0
31
8.6
2.3
0
0
1.5
0
0
0
0
0
0
1
93.5
98.8
4.1
7.9
0
0
0
0
0
0
0
0
0
0
0
0
0
0
0
0
0
0
0
0
0
0
0
0
0
0
0
0
0
0
0
0
0
0
0
0
0
0
0
0
0
0
0
0
0
0
0
0
0
0
0
0
0
0
0
0
0
0
0
0
0
0
0
0
0
0
0
0
0
0
0
0
0
0
0
0
0
0
0
0
0
0
0
0
0
0
0
0
0
0
0
0
0
0
0
0
0
0
0
0
0
0
0
0
0
0
0
0
0
0
0
0
0
0
0
0
0
0
0
0
0
0
0
0
0
0
0
0
0
0
0
0
0
0
0
0
0
0
0
0
0
0
0
0
0
0
0
0
0
0
0
0
0
0
0
0
0
0
0
0
0
0
0
0
0
0
0
0
0
0
0
0
0
0
0
0
0
0
0
0
0
0
0
0
0
0
0
0
0
0
0
0
0
0
0
0
0
0
0
0
0
0
0
0
0
0
0
0
0
0
0
0
0
0
0
0
0
0
0
14.2
0
0
0
0
0
0
0
0
0
0
0
0
0
0
0
0
0
6.6
0
0
10.7
0
0
0
0
0
0
0
0
10.9
0
11.9
1.8
2.3
0
0
0
0
0
0
0
0
0
0
0
0
0
0
0
0
0
6.4
4.1
43.2
0
15
24.6
5.6
4.6
0
16.8
9.4
11.4
4.3
0
0
0
0
0
0
0
0
0
0
0
6.1
0
0
0
0
23.9
0
5.6
34.5
7.9
0
0
0
0
0
7.6
0
0
0
14.2
63
16
0
0
0
0
0
0
0
0
26.2
0
0
7.4
0
5.8
33.5
49
5.3
34.3
63
0
0
4.3
0
0
6.1
0
0
0
0
0
0
0
0
0
0
0
0
0
0
0
0
0
0
0
0
25.7
3
0
0
15.5
0
35.6
0
0
0
0
0
0
0
0
0
0
0
0
0
0
0
0
0
0
0
0
6.4
5.3
0
0
0
0
0
0
0
0
0
0
0
0
0
0
0
0
0
0
0
0
0
0
0
0
0
0
0
0
0
0
0
0
0
0
0
0
0
0
0
0
0
0
0
0
0
0
0
0
0
0
0
0
0
0
0
0
0
0
0
0
0
0
0
0
0
0
0
0
0
0
0
0
0
0
0
0
0
0
0
0
0
0
0
0
0
0
0
0
0
0
0
0
0
0
0
0
0
0
0
0
0
0
0
0
0
0
0
0
0
0
0
0
0
0
0
0
0
0
0
0
0
0
0
0
0
0
0
0
0
0
0
0
0
0
0
0
0
0
0
0
0
0
0
0
0
0
0
0
0
0
0
0
0
0
0
0
0
0
0
0
5.3
0
0
0
0
0
0
0
0
0
0
0
0
0
0
0
0
13.2
2.3
0
0
0
1.5
0
7.4
8.6
0
0
17
0
0
0
0
0
0
45.2
1.5
0
16
1.8
0
0
0
0
0
0
0
0
0
0
0
0
0
0
0
15.5
0
8.1
16
0
0
7.6
6.1
19.8
0
0
0
0
0
0
0
0
0
0
0
0
0
0
0
0
0
0
0
0
0
0
0
0
0
0
0
0
0
3
0
8.1
2
0
3.8
2.3
0
0.8
4.3
0
27.9
0
2.8
0
10.9
0
2.5
0
0
0
0
20.3
0
35.6
54.6
36.8
87.6
0
0
0
0
0
0
0
0
0
0
0
0
0
0
0
0
0
10.7
0
8.9
2.5
0
63.5
12.7
73.7
40.6
7.6
33.5
57.2
0
0
0
0
0
8.9
0
4.6
8.9
0
3.8
0
6.4
0
0
0
0
0
0
0
0
8.9
0
12.7
0
0
0
0
0
0
0
0
0
0
0
0
0
0
0
0
0
0
0
0
0
0
0
0
0
0
0
0
0
0
0
0
0
0
0
0
0
0
0
0
0
0
0
0
0
0
0
0
0
0
0
0
0
0
0
0
0
0
0
0
0
0
0
0
0
0
0
0
0
0
0
0
0
0
0
0
0
0
0
0
0
0
0
0
0
0
0
0
0
0
0
0
0
0
0
0
0
0
0
0
0
0
0
0
0
0
0
0
0
0
0
0
0
0
0
0
0
0
0
0
0
0
0
0
0
0
0
0
0
0
0
0
0
0
0
0
0
0
0
0
0
0
0
0
0
0
0
0
0
0
0
0
0
0
0
0
0
0
0
0
0
0
0
0
0
0
0
0
0
0
0
0
0
0
0
0
0
0
0
0
0
0
0
0
0
0
0
0
0
0
0
0
0
0
0
0
0
0
0
0
0
0
0
0
0
17
0
0
0
0
0
0
0
0
0
0
0
0
0
0
0
8.1
0
0
0
1.5
0
0
0
0
0
0
0
0
0
0
0
0
0
0
0
0
0
0
0
0
0
0
0
7.9
0
0
0
2.3
0
0
0
0
0
0
0
0
0
0
0
0
0
0
0
0
0
0
0
0
0
0
0
0
78.7
0
0
11.9
15.5
0
0
0
0
0
0
0
0
4.8
0
21.1
0
0
0
0
0
0
0
0
0
3.8
0
0
0
0
0
0
0
0
0
21.1
3
0
0
0
0
0
0
13.5
0
0
5.1
0
0
0
0
0
0
0
0
0
0
0
0
0
0
15
0
0
0.8
30.5
0
0
0
0
18.8
0
0
0
0
0
0
0
0
0
0
0.5
0
0
0
0
0
0
0
0
0
0
0
0
0
0
0
0
0
0
0
0
0
0
0
0
0
0
0
0
0
0
0
0
0
0
0
0
0
0
0
0
0
0
0
0
0
0
0
0
0
0
0
0
0
0
0
0
0
0
0
0
0
0
0
0
0
0
0
0
0
0
0
0
0
0
0
0
0
0
0
0
0
0
0
0
0
0
0
0
0
0
0
0
0
0
0
0
0
0
0
0
0
0
0
0
0
0
0
0
0
0
0
0
0
0
0
0
0
0
0
0
0
0
0
0
0
0
0
0
0
0
0
0
0
0
0
0
0
0
0
0
0
0
0
0
0
0
0
0
0
0
0
0
0
0
0
0
0
0
0
0
0
0
0
0
0
0
0
0
0
0
0
0
0
0
0
0
0
0
0
0
0
0
0
0
0
0
0
0
0
0
0
0
0
0
0
0
0
0
0
0
0
0
0
0
0
0
0
0
0
0
0
0
0
0
0
0
0
0
0
0
0
0
0
0
0
0
0
0
0
0
0
0
0
0
0
0
0
0
8.6
1.8
0
4.6
0
1
2
17.3
27.7
1.3
0
0
0
0
0
0
3.6
0
0
0
0
0
1.3
0
0
0
3
8.4
0
0
0
0
0
7.4
0
0
0
1
0
0
0
0
0
0
0
0
0
0
0
0
0
0
0
0
1.5
0
9.7
0
33.8
0
28.4
1.8
10.4
3
0
12.4
0
0
8.1
25.7
56.6
27.2
4.3
0
0
5.3
0
6.6
8.4
0
20.8
10.2
0
0
0
0
0
0
19.3
0
0
5.3
0
21.3
26.2
53.3
5.1
16
9.7
2
1
1.5
14.2
3
2.8
0
0
0
0
0
0
0
0
0
0
0
0
0
0
0
0
0
0
0
0
0
0
1.3
0
21.6
0
7.1
0
0
12.4
6.9
0
17.8
11.9
0
0
0
0
0
0
0
0
0
12.2
8.4
0
2.3
0
0
0
35.1
0.5
3
1.3
0
0
0
0
0
0
6.9
0
0
0
0
0
0
0
0
0
0
0
0
0
0
0
0
0
0
0
0
0
0
0
0
0
0
0
0
0
0
0
0
0
0
0
0
0
0
0
0
0
0
0
0
0
0
0
0
0
0
0
0
0
0
0
0
0
0
0
0
0
0
0
0
0
0
0
0
0
0
0
0
0
0
0
0
0
0
0
0
0
0
0
0
0
0
0
0
0
0
0
0
0
0
0
0
0
0
0
0
0
0
0
0
0
0
0
0
0
0
0
0
0
0
0
0
0
0
0
0
0
0
0
0
0
0
0
0
0
0
0
0
0
0
0
0
0
0
0
0
0
0
0
0
0
0
0
0
0
0
0
0
0
0
0
0
0
0
0
0
0
0
0
0
0
0
0
0
0
0
0
0
0
0
0
0
0
0
0
0
0
10.9
0
0
0
0
0
0
0
0
0
0
0
0
0
0
0
0
0
0
0
0
0
0
0
0
0
0
0
0
0
0
0
0
0
0
0
0
0
0
0
0
0
0
0
6.6
0
0
0
0
0
0
0
0
0
0
0
16.3
0
0
0
0
0
0
1.5
0
0
15
2
0
3.8
0
0
0
0
6.4
0
0
0
25.7
13.2
47
0
0
0
0
0
0
0
2.3
0
0
0
0
0
0
0
0
7.4
0
0
69.9
11.4
41.4
0
2.8
16
0
0
14.2
72.9
92.5
33.5
0
0
0
0
0
0
0
0
0
0
0
0
0
13.2
0
0
0
0
0
0
0
0
0
0
0
0
0
0
0
0
0
0
0
0
0
0
0
0
0
0
0
0
0
0
0
0
0
0
0
0
0
0
0
0
0
0
0
0
0
3.8
0
0
0
0
0
0
0
55.9
19.3
10.2
0
0
0
0
0
0
0
0
0
0
0
0
0
0
0
0
0
0
0
0
0
0
0
0
0
0
0
0
0
0
0
0
0
0
0
0
0
0
0
0
0
0
0
0
0
0
0
0
0
0
0
0
0
0
0
0
0
0
0
0
0
0
0
0
0
0
0
0
0
0
0
0
0
0
0
0
0
0
0
0
0
0
0
0
0
0
0
0
0
0
0
0
0
0
0
0
0
0
0
0
0
0
0
0
0
0
0
0
0
0
0
0
0
0
0
0
0
0
0
0
0
0
0
0
0
0
0
0
0
0
0
0
0
0
0
0
0
0
0
0
0
0
0
0
0
0
0
0
0
0
0
0
0
0
0
0
0
0
0
0
0
0
0
0
0
0
0
0
0
0
0
0
0
0
0
0
0
0
0
3.6
0
0
0
0
40.9
84.8
19
19
0
0
0
0
0
0
0
2
0
0
0
0
0
0
0
0
0
0
0
0
0
6.1
0
0
0
0
0
0
0
16.3
0
0
5.3
0
17
1.5
0
0
0
0
0
0
5.8
0
0
0
16
0
0
0
22.6
0
3.6
0
4.8
0
5.8
2
0
0
1.5
0
0
0
0
0
0
0
0
0
0
0
0
5.6
0
2.8
0
7.1
0
0
19.8
41.9
13.5
0
0
6.4
0
0
0
0
7.6
0
0
0
0
3.6
4.8
0
0
0
0
0
14.7
14.2
0
2.8
0
0
0
0
0
0
12.7
0.5
0
39.9
6.1
23.6
0
0
0
0
7.9
61.7
0.3
23.1
0
0
2.8
0
3.8
0
0
0
0
0
0
41.7
65.5
1
0
0
23.4
5.8
6.6
0
0
0
0
0
0
0
0
0
0
1.3
0
0
0
0
0
0
0
0
0
1.5
0
0
0
0
0
0
0
0
0
0
0
4.8
0
0
0
0
0
0
0
0
0
0
0
0
0
0
0
0
0
0
0
0
0
0
0
0
0
0
0
0
0
0
0
0
0
0
0
0
0
0
23.1
19.3
14.7
0
0
0
0
0
0
0
0
0
0
0
0
0
14.5
5.6
0
0
0
0
2.8
0
0
0
0
0
0
0
0
0
0
0
0
0
0
0
0
0
0
0
0
0
0
0
0
0
0
0
0.5
1
0
0
0
0
0
0
0
0
0
0
0
0
0
0
0
0
0
0
0
0
0
0
0
0
0
0
0
0
0
0
0
0
0
0
0
0
0
0
0
0
0
0
0
0
0
0
0
0
0
0
0
0
0
0
0
0
0
0
0
0
0
0
0
0
0
0
0
0
0
0
0
0
0
0
0
0
0
0
0
0
0
0
0
0
0
0
0
0
0
0
0
0
0
0
0
0
0
22.1
0
0
0
0
0
0
8.4
30.7
0
0
21.8
22.6
9.1
0
0.5
0
0
2.3
130.6
1.8
0
9.9
0
0
0
0
0
0
0
0
59.2
0
0
0
0
0
0
10.2
0
0
0
0
0
0
0
2.3
0
0
0
0
0
0
0
0
0
0
0
0
0
0
5.6
0
7.1
0
0
0
0
0
0
0
0
0
0
1.5
1.3
0
0
0
0
0
0
0
0.3
1
30.2
0
0
9.7
3.6
0.8
0
0
3
0
0
0
0
0
14.7
0
18
4.6
0
2.3
49.5
38.9
9.7
5.6
64
6.6
0
0
0
0
0
46.2
0
17.5
34
60.7
19.8
0
0
0.8
3.6
8.6
0
0
0
1.5
0
0.8
5.1
10.7
0
0
0
0
0
0
26.4
0
0
0
0
0
0
0
0
0
4.6
10.7
0
9.4
7.1
0
0
0
8.4
86.4
11.2
0
0
0
0
0
0
0
0
0
0
0
0
0
0
0
0
0
0
0
7.1
18.5
1.3
62.5
0
0
0
0
0
0
0
0
0
0
0
0
0
0
46
0
0
0
0
0
0
0
0
0
0
0
0
0
0
0
0
0
0
0
0
0
0
0
0
0
0
0
0
0
0
0
0
0
0
0
0
0
0
0
0
0
0
0
0
0
0
0
0
0
0
0
0
0
0
0
0
0
0
0
0
0
0
0
0
0
0
0
0
0
0
0.8
6.4
0
0
0
0
0
0
0
0
0
0
0
0
0
0
0
0
0
0
0
0
0
0
0
0
11.7
0
0
0
0
0
0
0
0
0
0
0
0
0
0
0
0
0
0
0
0
0
0
0
0
0
0
0
0
0
0
0
0
0
0
0
0
0
0
0
0
0
0
0
0
0
0
0
0
0
0
0
0
0
0
0
0
0
4.1
0
0
6.1
0
0
0
9.9
0
0
3
0
0
0
0
0
0
0
0
0
0
7.6
0
0
0
0
0
20.6
0
0
0
0
0
0
0
0
0
0
0
0
0
0
0
0
0
0
0
0
0
0
23.9
0
0
0
8.1
0
0
0
4.8
0
0
0
10.4
0
0
0
0
85.9
0
31.5
30
82
19.3
0
33.3
11.7
0
0
0
0
0
0
0
0
0
0
0
62.2
18.8
39.6
65.8
17.5
23.1
13.2
0
0
0
0
0
0
9.7
18.8
20.6
0
0
0
0
0
0
0
0
0
0
0
0
0
34.5
7.6
0
0
0
29.5
0
0
18.5
0
4.1
14
0
0
0
0
0
0
0
0
0
0
11.2
34
0
2
0
0
0
0
7.1
7.6
0
69.9
165.6
4.1
8.9
0
3.8
0
0
0
0
0
0
0
0
0
0
0
0
0
20.3
0
0
0
0
0
0
0
0
0
0
0
0
0
0
0
0
0
0
0
0
0
0
0
0
0
0
0
0
0
0
0
0
0
0
0
0
0
0
0
0
0
0
0
0
0
0
0
0
0
0
0
0
0
0
0
0
0
0
0
0
0
0
0
0
0
0
0
0
0
0
0
0
0
0
0
0
0
0
0
0
0
0
0
0
0
0
0
0
0
0
0
0
0
0
0
0
0
0
0
0
0
0
0
0
0
0
0
0
0
0
0
0
0
0
0
0
0
0
0
0
0
0
0
0
0
0
0
0
0
0
0
0
0
0
0
0
0
0
0
0
0
0
0
0
0
0
0
0
0
0
0
0
0
0
0
0
0
0
0
0
0
0
0
0
0
0
0
0
0
0
0
0
0
0
0
0
0
0
0
0
0
0
0
0
0
0
0
0
0
0
0
0
0
0
0
0
0
0
0
0
0
0
0
0
0
0
0
0
0
0
0
13.5
0
0
0
0
0
0
0
0
0
0
0
0
0
0
0
6.1
0
0
0
0
0
0
0
0
0
0
0
0
0
0
0
0
1
0
0
3
0
0
0
0
0
0
0
0
0
0
0
0
0
0
0
0
0
0
24
0
0
0
0
26.3
0
0
0
0
0
0
8.5
15
0
0
0
0
0
0
10.8
0
0
0
0
0
0
0
12.3
48.7
10.8
7.5
0
0
0
0
34.8
0
3.8
0
0
13.1
2.4
0
9.9
0
0
0
0
0
0
0
0
0
0
0
6.5
2.8
0
0
0
0
0
0
0
77.1
0
0
0
0
0
0
0
9.1
0
0
0
0
0
0
0
5.2
0
46.8
0
0
0
0
0
0
0
0
0
0
5.8
0
0
0
0
0
0
0
0
0
0
0
0
0
54.1
10.5
3.2
0
15.9
0
0
0
0
0
0
0
8.4
9.6
0
0
0
0
0
0
0
0
0
0
0
0
0
0
0
0
0
0
0
0
0
0
0
0
0
0
0
0
0
0
0
0
0
0
0
0
0
0
0
0
0
0
0
0
0
0
0
0
0
0
0
0
0
0
0
0
0
0
0
0
0
0
0
0
0
0
0
0
0
0
0
0
0
0
0
0
0
0
0
0
0
0
0
0
0
0
0
0
0
0
0
0
0
0
0
0
0
0
0
0
0
0
0
0
0
0
0
0
0
0
0
0
0
0
0
0
0
0
0
0
0
0
0
0
0
0
0
0
0
0
0
0
0
0
0
0
0
0
0
0
0
0
0
0
0
0
0
0
0
0
0
0
0
0
0
0
0
0
0
0
0
0
0
0
0
0
0
0
0
0
0
0
0
0
0
0
0
0
1.3
0
0
0
0.8
0
0
0
0
0
0
0
0
0
0
0
0
0
0
0
0
0
0
0
0
0
0
0
0
0
0
0
0
0
0
0
0
0
16.5
0
15.2
0
0
0
0
2.3
20.1
24.9
4.3
5.3
14.7
0
0
0
0
0
0
0
0
6.6
0
0
1.3
20.1
0
0
3
0
0
2.3
0
0
0
0
0.8
36.8
2.3
0
0
0
0
29.5
14
0
0
0
0
37.1
1
21.3
13.7
23.6
8.4
0
6.9
0.5
0
10.9
1.3
33.5
0.5
18
0
0
0
35.8
0.3
0
0
0
0
0
2.3
5.1
2
0
0
15.7
0
0
0
0
0
3
1.5
10.9
0
0
0
0
0
0
0
0.5
12.4
0.3
1.3
3.6
0
0
0
0
0
0
0.5
1.3
0
0
0
0
0
0
0
0
0
0
9.7
0
0
0
0
0
0
0
2
0.8
0
0
0
0.3
0
0
1.5
5.1
8.9
35.6
7.6
0
0
0
0
0
0
0
0
0
0
0
0
0
2.3
0
0
0
0
0
0
0
0
0
0
0
0
0
0
0
0
0
0
0
0
0
0
0
0.3
0
0
0
0
0
0
4.1
0
9.9
0.8
0
0
0
0
0
0
0
0
0
0
0
0
0
0
0
0
0
0
0
0
0
0
0
0
0
0
0
0
0
0
0
0
0
0
0
0
0
0
0
0
0
0
0
0
0
0
0
0
0
0
0
0
0
0
0
0
0
0
0
0
0
0
0
0
0
0
0
0
0
0
0
0
0
0
0
0
0
0
0
0
0
0
0
0
0
0
0
0
0
0
0
0
0
0
0
0
0
0
0
0
0
0
0
0
0
0
0
0
0
0
0
0
0
0
0
0
0
0
0
0
0
0
0
0
0
0
0
0
0
0
0
0
0
0
0
0
0
0
0.8
0
0
0
0
0
0.3
0
3.8
0
0
6.4
0
0
0
0
0
0
0
0
0
0
0
8.1
1.5
0
0
0
0
0
0
0
0
0
0
0
0
0
0
0
0
0
0
0
0
0
0
0
0
0
0
3.3
1.5
6.6
0
5.1
0
0
27.2
0.5
0
0
0
0
0
0
0
0
0.5
0
3
0
0
0
3
6.4
0
0
0
0
0
0
0
0
0
0
0
0
0
0
0
0
1.5
34.8
3.6
51.3
36.3
0
0
0
2
16.3
5.8
1.5
0
0
10.7
6.1
9.4
1.8
10.7
17.5
1.5
1.5
2.8
19.3
0
0
0
0
0
0.3
9.9
1.8
1
36.6
58.7
0
3.3
0
0
0
0
0
0
0
0
0
0
0
0
0
0
0
0
0
0
0
0
0
0
0
9.7
0
21.8
18.3
12.4
26.2
19.8
4.1
0
2.5
2.8
5.8
0
0
0
0
0
0
0
0
0
0
0
0
0
0
0
0
0
0
0
0
0
0
0
0
0
0
0
0
0.5
1.5
0
0
0
0
0
0
0
23.9
0
0.3
0.5
0
0
0
0
0
0
0
0
47.2
0
0
0
0
0
0
0
0
0
0
0
0
0
0
0
0
0
0
0
0
0
0
0
0
0
0
0
0
0
0
0
0
0
0
0
0
0
0
0
0
0
0
0
0
0
0
0
0
0
0
0
0
0
0
0
0
0
0
0
0
0
0
0
0
0
0
0
0
0
0
0
0
0
0
0
0
0
0
0
0
0
0
0
0
0
0
0
0
0
0
0
0
0
0
0
0
0
0
0
0
0
0
0
0
0
0
0
0
0
0
0
0
0
0
0
0
0
0
0
0
0
0
0
0
0
0
0
0
0
0
0
0
0
0
0
0
0
0
0
0
0
0
0
0
0
0
0
0
0
0
0
0
0
0
0
0
0
0
0
0
0
0
0
0
0
0
0
0
0
0
0
0
0
0
0
0
0
0
0
0
0
0
0
0
0
0.8
0
0
0
34.8
0
0
1.3
0
0
0
0
0
0
0
0
0
0
0
0
0
24.1
3.8
0
0
0
0
0
0
0
0
0
0
1.8
6.4
8.6
19.1
6.9
0
3.8
1.8
0.8
11.2
6.1
14.5
0
0
4.1
0
0
20.6
0
0
0
0
0
0
0
0
0
0
0
0
0
0
0
10.2
1.3
0
0
0
6.1
0
0
1.8
0.5
5.3
1.5
3
0
17.3
3.3
0
25.1
10.9
2
2.8
0
7.6
0.5
0
0
0
6.9
0.5
4.3
0
21.6
0
0
0
0
0
9.1
8.1
5.1
0.5
20.8
0
0
0
0
0
0
0
0
3.8
0
0
0
2
0
0
0
0
0
0
0
0
0
0
0
0
0
0
0
0
0
0
0
0
0
0
0
0
0
0
0
0
0
0
0
0
0
0.8
0
0.8
0
1.3
9.9
0
0
0
0
0
0
0
0
0
0
0
0
0
0
0
0
0
0
0
0
0
0
0
0
0
0
0
0
0
0
0
0
0
0
0
0.8
0
0
0
0
0
0
0
0
0
0
0
0
0
0
0
0
0
0
0
0
0
0
0
0
0
0
0
0
0
0
0
0
0
0
0
0
0
0
0
0
0
0
0
0
0
0
0
0
0
0
0
0
0
0
0
0
0
0
0
0
0
0
0
0
0
0
0
0
0
0
0
0
0
0
0
0
0
0
0
0
0
0
0
0
0
0
0
0
0
0
0
0
0
0
0
0
0
0
0
0
0
0
0
0
0
0
0
0
0
0
0
0
0
0
0
0
0
0
0
0
0
0
0
0
0
0
0
0
0
0
0
0
0
0
0
0
0
0
0
0
0
0
0
0
0
0
0
0
0
0
0
0
0
0
0
0
0
0
5.6
21.8
6.4
0
0
0
0
0
17
0
0
0
0
3.8
0
0
0
0
0
0
0.5
0.8
6.9
1
5.6
0
0
13.2
1
0
0
0
0
0
0
0
4.1
0
0
0
0.5
0
0
0
0
11.2
10.7
0
0
0
0
0
0
0
0
0
0
0
2.3
0
3
0
0
0
0
5.1
41.9
0
0
8.9
3.6
2.3
0.8
28.4
31.5
0
0
13.7
12.4
17.8
2.5
4.1
3.6
2.8
0
0
19.8
2.8
3.3
22.9
50.3
25.9
28.4
2.8
0
0
33.3
0.5
2.3
0
0.5
0
1.5
1.3
6.1
5.6
0.8
0
0
0
0
7.6
0
0
0
0
6.9
1.3
0
10.9
0
0
0
0
0
0
0
0
0
0
0
0
0
0
0
0
0
0
0
0
0
0
0
0
0
0
0
0
0
0
0
0
0
0
0
0
0
0
0
0
0
0
0
0
0
0
0
0
0
0
0
0
0
0
0
0
0
0
0
0
0
0
0
0
0
0
0
0
0
0
0
0
0
0
0
0
0
0
0
0
0
0
0
0
0
0
0
0
0
0
0
0
0
0
0
0
0
0
0
0
0
0
0
0
0
0
0
0
0
0
0
0
0
0
0
0
0
0
0
0
0
0
0
0
0
0
0
0
0
0
0
0
0
0
0
0
0
0
0
0
0
0
0
0
0
0
0
0
0
0
0
0
0
0
0
0
0
0
0
0
0
0
0
0
0
0
0
0
0
0
0
0
0
0
0
0
0
0
0
0
0
0
0
0
0
0
0
0
0
0
0
0
0
0
0
0
0
0
0
0
0
0
0
0
0
0
0
0
0
0
0
0
0
0
0
0
0
0
0
0
0
0
0
0
0
0
0
0
0
0
0
22.9
0
0
0
0
0
0
0
4.6
0
0
0.5
0
0
0
0
0
0
1.3
0
0
0
0
0
0
0
0
0
0
0
1
2
0
0
0
0
0
0
0
0
0
0
0
8.1
0
0
0
0
0
0
0
0
0
0
0
0
0
0
0
32
0
0
30.2
2.8
0
0
0
23.6
2.3
1.3
0.5
11.2
0
0
0
0
0
0
0
25.9
1.3
5.3
0.8
11.7
0
0
0
0
10.7
5.6
5.1
41.1
0
7.1
0.8
0
0
3.6
26.4
0
0
0
0
0
24.1
25.7
0
3.3
0
0
1.5
11.9
0
0
1.5
2
0.5
5.1
38.4
6.4
0
0
0
0
0
12.7
0.5
5.8
11.4
18.5
0
3
7.1
6.4
0
0
0
1.3
2.5
0
0
0
0
0
0
0
0
0
0
0
0
10.2
1
0
0
0
0
0
0
0
0
0
0
0
0
0
0
0
5.3
5.8
4.8
40.6
0
0
0
6.4
93.5
173.2
11.7
0
0
0
0
0
0
0
0
0
0
0
0
0
0
0
0
0
0
0
0
0
0
0
0
0
0
0
0
0
0
0
0
0
0
0
0
0
0
0
0
0
0
0
0
0
0
0
0
0
0
0
0
0
0
0
0
0
0
0
0
0
0
0
0
0
0
0
0
0
0
0
0
0
0
0
0
0
0
0
0
0
0
0
0
0
0
0
0
0
0
0
0
0
0
0
0
0
0
0
0
0
0
0
0
0
0
0
0
0
0
0
0
0
0
0
0
0
0
0
0
0
0
0
0
0
0
0
0
0
0
0
0
0
0
0
0
0
0
0
0
0
0
0
0
0
0
0
0
0
0
0
0
0
0
0
0
0
0
0
0
0
0
0
0
0
0
0
0
0
0
0
0
0
0
0
0
0
0
0
0
0
0
0
0
0
0
0
0
0
0
0
0
0
0
0
0
0
0
0
0
0
0.5
0
0
0
0
0
0.5
0
0
0
0
0
0
0
0
0
0
0
0
0
0
0
0
0
0
10.7
0
0
0
0
0
14
10.9
0
0
0.3
0
0
0
0
0
0
0
3.8
1.3
0
0
0
0
0
0
0
0
0
0
0
0
0
16.8
22.9
9.9
3.8
0
2.5
4.3
7.9
1.8
0.8
1.3
37.6
1.3
0
4.1
0
0
0
0
8.9
0
0
1.8
0
2.5
0
5.6
25.9
4.3
1
0
0
45.7
0
0
0
0
42.7
1.8
1
0
0
0
0
0
0
0
0
0
0
0
0
0
0
0
0
0
0
0
0.5
0
0
0
0
0
0
9.4
47.8
5.6
62.7
2.8
1
19.1
0
0
0
0
0
0
0
0
50.8
2
5.3
0
0
0
0
0
0
0
0
0.8
0
3
0
0
0
0
0
0
0
0
0
0
0
0
0
0
0
0
0
0
0
0
0
0
0
0
0
0
0
0
0
0
0
0
0
0
0
0
0
0
0
0
0
0
0
0
0
0
0
0
0
0
0
0
0
0
0
0
0
0
0
0
0
0
0
0
0
0
0
0
0
0
0
0
0
0
0
0
0
0
0
0
0
0
0
0
0
0
0
0
0
0
0
0
0
0
0
0
0
0
0
0
0
0
0
0
0
0
0
0
0
0
0
0
0
0
0
0
0
0
0
0
0
0
0
0
0
0
0
0
0
0
0
0
0
0
0
0
0
0
0
0
0
0
0
0
0
0
0
0
0
0
0
0
0
0
0
0
0
0
0
0
0
0
0
0
0
0
0
0
0
0
0
0
0
0
0
0
0
0.8
0
0
0.5
0
0
0
0
0.5
6.1
0
0
0
0
6.9
36.8
0.8
3
0
0.3
0
0
0
0
4.3
0
0
0
0
0
0
0
0
0
0
0
0
0
0
0
0
0
8.4
0
1.3
4.1
0
0
0
0
0
31.2
0
0
1.5
0
0
0.5
8.9
8.9
0
0
0
0
10.2
47.2
7.1
0
0
0
0
0
0
0
0
0
0
0
0
0
0.8
0
0
0
11.2
0.8
0
0.3
0
0
3.8
2.8
19.8
0
1.3
0
0
0
4.6
0
23.6
0
2.3
0
0
0
0
0
0
0
1.8
6.1
0
3.3
0
0
0
0
1
0
33.8
0
15.7
1.8
0
0
0
0.8
4.6
0
0
0
0
0
0.8
0
0
0
0
0.5
0
0
0
0
0
0
0
0
0
0
0
0
35.8
36.8
18.8
16.5
23.4
19.1
12.2
23.4
21.1
5.1
0
7.6
8.6
0
0
0
0
0
4.8
1.5
1.8
0
0
4.3
0
1.8
21.6
8.1
0
3.6
0
0
0
0
0
0
0
0
0
0
0
0
0
0
0
0
0
0
0
0
0
0
0
0
0
0
0
0
0
0
0
0
0
0
0
0
0
0
0
0
0
0
0
0
0
0
0
0
0
0
0
0
0.8
40.1
2.5
0
0
0
0
0
0
0
0
0
0
0
0
0
0
0
0
0
0
0
0
0
0
0
0
0
0
0
0
0
0
0
0
0
0
0
0
0
0
0
0
0
0
0
0
0
0
0
0
0
0
0
0
0
0
0
0
0
0
0
0
0
0
0
0
0
0
0
0
0
0
0
0
0
0
0
0
0
0
0
0
0
0
0
0
0
0
0
0
0
0
0
0
0
0
0
0
0
0
0
0
0
0
0
0
0
0
0
0
0
0
0
0
0
0
0
0
0
0
0
0
0
0
0
0
0
0
0
0
0
0
0
0
0
0
0
0
0
0
0
0
0
0
0
0
0
0
0
0
0
0
0
0
0
0
0
0
0
0
0
0
0
0
0
0
0
0
0
0
0
0
0
0.5
0
0
0
0
0
0
0
0
0
0.5
0
0
0
0
0
0.5
0
0
5.3
0
1.3
0
6.6
0
0.8
0
0
21.6
66.8
0
0
0.8
0.3
35.8
17
6.9
0
0
0
0
0
0
0
5.3
0
0
0
10.7
0
0
0
1.5
0
0
0
0
6.1
0
9.4
0
1.5
0
7.4
10.9
33.3
79.5
7.4
15.2
22.6
0
9.1
2.5
0
6.4
1
0.8
0
6.6
3.6
2.8
5.6
24.9
0.3
5.6
23.1
11.9
6.6
0
23.6
27.4
23.4
23.1
2.8
0
0
0.8
0
0
0
0
0
0
0
0
0
0
0
0
0
0
0
0
3.8
0
0
34.3
5.3
1
0
0
0
0
0
0
0
0.8
0
0
0
0
17.8
0
0
0
0
0
0
0
0
0
0
0
5.8
0
0
0
0
0
0
0
0
0
0
0
0
0
0
0
0
0
0
0
0
0
0
0
0
0
0
0
0
0
0
1
0
0
0
0
0
0
0
0
0
0
0
0
0
0
0
0
0
0
0
0
0
0
0
0
0
0.3
0.5
0
0
0
0
0
0
0
0
0
0
0
0
0
0
0
0
0
0
0
0
0
0
0
0
0
0
0
0
0
0
0
0
0
0
0
0
0
0
0
0
0
0
0
0
0
0
0
0
0
0
0
0
0
0
0
0
0
0
0
0
0
0
0
0
0
0
0
0
0
0
0
0
0
0
0
0
0
0
0
0
0
0
0
0
0
0
0
0
0
0
0
0
0
0
0
0
0
0
0
0
0
0
0
0
0
0
0
0
0
0
0
0
0
0
0
0
0
0
0
5.1
0
3.6
0
3.3
0
0
0
0
0
0
0
0
0
0
0
0
0
0
0
0
0
0
0
0
0
0
0
0
0
0
0
0
0
0
0
0
0
0
1
0
0
0
0
0
4.6
0
0
0
0
0
0
0
0
0
0
0
0
0
0
0
0
0
0
38.9
2
3.8
0
0.5
0
16.5
0
0
0
0
0
5.6
0.8
0
0
0
0
0
0
0
0
0
0
0
0
0
0
24.6
0
3
0
0.8
0
0
0
0
0
0
0
0
0
0
0
0
22.9
0.8
0
1
0
0
67.1
22.1
0
1
0
0
4.8
0
6.6
0
0
0
2.8
0.5
34.8
3.3
13.2
6.4
22.4
6.9
0
0.5
10.4
15.5
5.3
12.2
41.9
35.6
16
6.6
10.7
30.2
11.7
1.3
8.9
54.6
2.5
43.9
11.4
2.8
27.9
8.6
13.7
1.3
0
5.1
0
0
0
0
0
13.5
62.5
14.2
0
0
0
0.5
0
0
0
0
0
0
0
0
0
0
0
0
0
0
0
0
0
0
0
0
0
0
0
0
5.3
0
0
0
0
0
0
0
0
0
0
0
0
0
0
0
0
0
0
0
0
0
0
0.3
0
0
0
0
0
0
0
0
0
0
0
0
0
0
0
0
0
0
0
0
0
0
0
0
0
0
0
0
0
0
0
0
0
0
0
0
0
0
0
0
0
0
0
0
0
0
0
0
0
0
0
0
0
0
0
0
0
0
0
0
0
0
0
0
0
0
0
0
0
0
0
0
0
0
0
0
0
0
0
0
0
0
0
0
0
0
0
0
0
0
0
0
0
0
0
0
0
0
0
0
0
0
0
0
0
0
0
0
0
0
0
0
0
0
0
0
0
0
0
0
0
0
0
0
0
0
0
0
0
0
0
0
0
0
0
0
0
0
0
0
0
0
0
0
0
0
0
0
0
0
0
0
0
0
0
0
0
0
0
0
0
0
0
0
0
0
0
0
0
0
0
0
0
0
0
0
0
0
0
0
0
0
2.5
1
0.5
2.3
0
0
0
0.8
0
0
0
0
0
0
0
0
0
0
0
0
0
0
0
0
0.5
0
3
1.3
0
5.3
0
0
0
6.9
22.1
0
0
8.1
0
0
0
0
0
0
0
0.5
1.8
0
0
0
0
0
0
0
48.3
0
0
16.5
0
5.3
20.8
0
0
0
0
0
3.6
0
0
0
0
0
3
23.9
5.3
15.5
7.6
33.8
11.4
33.5
3.8
2.5
2.5
0
12.7
0
30
12.7
23.4
0.3
0.3
0.8
28.4
5.3
0
37.6
58.9
0
12.7
1.3
99.1
20.1
4.3
0
0
6.1
1
1.8
6.4
11.2
6.1
26.4
3.8
11.4
4.1
6.4
4.6
19.6
8.9
3.6
0
0.5
0
32.3
54.6
7.6
0.5
0
0
0
0
0
0
0
0
0
2
0
0
0
0
7.6
0
0
0
0
0
0
0
0
0
0
0
0
0
0
0
0
0
0
0
1
0
0
0
0
0
0
1.5
0
0
0
0
0
0.5
0
0
0
0
0
0
0
0
0
0
11.2
0
24.4
145.8
0
0
0
0
0
0
0
3.6
0
0
0
0
12.2
0
0
0
0
0
0
0
0
0
0
0
0
0
0
0
0
0
0
0
0
0
0
0
0
0
0
0
0
0
0
0
0
0
0
0
0
0.5
0
0
0
0
0
0
0
0
0
0
0.8
35.3
10.9
5.3
0
0
0
0
0
0
0
0
0
0
0
0
0
0
0
0
0
0
0
0
0
0
0
0
0
0
0
0
0
0
0
0
0
0
0
0
0
0
0
0
0
0
0
0
0
0
0
0
0
0
0
0
0
0
0
0
0
0
0
0
0
0
0
0
0
0
0
0
0
0
0
0
0
0
0
0
0
0
0
1.3
0
0
0
0
0
0
0
0
0
0
0
0
0
0
0
0
0
0
0
0
0
0
0
0
0
0
0
0
0
0
0
0
0
0
18.5
0
0
0
0
0
0
0
0
0
0
0
0
0
0
0
7.6
23.1
0
0
5.1
0
0
6.1
0.5
0
7.4
0
0
0
0
0
0
0
0
0
0
0
0
4.1
2
9.9
1.3
17.3
0
0
1
59.9
0.3
0
0
0
0
0
0
0
0
0
1.3
1.8
9.9
0
13
16.5
0.5
0
0
0
7.6
0.5
0
4.8
0
0
0.8
4.6
3.8
0
0
0
0
15.7
0.5
7.9
38.6
12.2
0
0
0.5
9.9
4.3
9.7
10.2
0.3
8.1
0.3
1.8
0
0
25.7
0
33.8
1.8
0.5
0
0
0
74.2
2.3
0
13
98.8
2.5
2
1
7.6
2.3
12.4
1.3
1
0.8
0
0
0
0
0
14.2
27.9
0.5
0
0
0
0
0
0
0
0
0
0
0
0
0
0
0
0
0
0
0
0
0
0
0
0
0
0
0
0
0
0
0
0
0
0
0
0
0
0
0
0
0
0
0
0
0
0
0
0
0
0
0
0
0
0
0
0
0
0
0
0
0
0
0
0
0
0
0
0
0
0
0
0
0
0
0
0
0
1.5
0
0
0
0
0
0
0
0
0
0
0
0
0
0
0
0
0
0
0
0
0
0
0
0
0
0
0
0
0
0
0
0
0
0
0
0
0
0
0
0
0
0
0
0
0
0
0
0
0
0
0
0
0
0
0
0
0
0
0
0
0
0
0
0
0
0
0
0
0
0
0
0
0
0
0
0
0
0
0
0
0
0
0
0
0
0
0
0
0
0
0
0
0
0
0
0
0
0
0
0
0
0
0
0
0
0
0
0
0
0
0
0
0
0
0
0
0
0
0
0
0
0
0
0
0
0
0
0
0
0
0
0
0
0
0
0
4.3
0
0
0
14.5
0
0
2.3
9.1
4.3
25.7
0
0
4.1
0
5.1
0
0
0
0
4.6
0
0
0
0
0
0
0
0
0
8.9
0
0
0.3
0
0
0
0
0
0
0
0
0
0
0
0
0
0.8
0
0
0
0
1
11.7
2.8
0
19.3
1.5
1.3
15.7
0
0.8
8.9
39.9
0
0
22.9
96.8
0
0
0
0
0
0
0
0
0
41.7
0
0
0
0
0
0
0
0
0
0
4.8
0
0.5
0
0
0
0
0
0
21.6
9.4
0.3
0
0
0.5
2.3
0
0
0
0
0
18
0
0
0
0.3
24.9
1.8
11.7
17.3
0
0
0
0
0
0
0
0
2.8
0
0
0
4.3
5.8
8.1
0
1.5
13.5
4.6
0
0
8.4
0
0
2
0
0
3
0
0
0
0
0
0
0
11.9
2
0
0
0
0
0
0
0
0
0
1.5
0
0
0
0
0
0
0
0
0
0
0
0
0
0
0
0
0
0
0
0
0
0
0
0
0.5
5.6
0
0
0
0
0
0
0
0
0
0
0
0
0
0
0
0
0
0
0
0
0
0
0
0
0
0
0
0
0
0
0
0
0
0
0
0
0
0
0
0
0
0
0
0
0
0
0
0
0
0
0
0
0
0
0
0
0
0
0
0
0
0
0
0
0
0
0
0
0
0
0
0
0
0
0
0
0
0
0
0
0
0
0
0
0
0
0
0
0
0
0
0
0
0
0
0
0
0
0
0
0
0
0
0
0
0
0
0
0
0
0
0
0
0
0
0
0
0
0
0
0
0
0
0
0
0
0
0
0
0
0
0
0
0
0
0
0
0
0
0
0
0
0
0
0
0
0
0
0
0
12.7
0
0
0
0
0
0
0
0
0
0
0
0
0
0
0
0.3
1.3
0
0
0
0
0
0
0
0
0
0
0
0
0
0
0
0
0
0
0
0
0
0
0
0.3
0
23.1
0.3
0
1.5
15.7
0
6.9
45.2
0
0
0
0
0
0
0
0
0
0
7.6
0
0.3
1.8
0.3
0
0
0
7.6
3.3
0
0
2
56.9
22.4
24.4
0.3
0
0
0
0
0
0
0
0
0
2.5
4.6
0
0
0
16.3
0
0
0.8
0
0
0
0
0
0
0
0
0
23.1
2.5
0
0
0.3
0
0
0
0
0
4.6
5.3
0.5
0
0
0
0
0
0
0
27.9
0
0
0
3.8
0.3
7.6
3.3
5.3
6.9
0.5
0
0
0
0
11.4
1.3
7.6
0
0
0
0
0
16.5
1
1
0
0
0
0
0.3
0.8
21.6
2.5
0
2.5
22.4
2
0
0
0.5
0
0
0
0
5.1
36.6
8.6
11.7
0
0
0
0
32.8
12.2
0.5
14
0
0.8
0
0
0
5.1
0.3
0
0
0.5
1.8
0
0
0
0
0
0
0
0
0
0.5
0.5
0.5
18.5
2
0
0
0
0
0
0
0
0
0
0.5
0
0
0
0
0
0
0
0
0
0
0
0
0
0
0
0
0
0
0
0
0
0
0
0
0
0
0
0
0
0
0
0
3.8
0.8
0
0
0
0
0
0
0
0
0
0
0
0
0
0
0
0
0
0
0
0
0
0
0
0
0
0
0
0
0
0
0
0
0
0
0
0
0
0
0
0
0
0
0
0
0
0
0
0
0
0
0
0
0
0
0
0
0
0
0
0
0
0
0
0
0
0
0
0
0
0
0
0
0
0
0
0
0
0
0
0
0
0
0
0
0
0
0
0
0
0
0
0
0
0
0
0
0
0
0
0
0
0
0
0
0
0
0
0
0
0
0
0
0
0
0
0
0
0
12.4
0
0
0
0
0
0
0
0
0
0
0
0
0
0
0
0
3.3
6.4
0
0
0
8.4
0
0
0
0
0
0
0
0
0
0
0
0
0
21.3
1.3
0
0
0
3.8
2
0
0
0
0
0
0
20.8
0
1
0
0
0
0.3
16.3
0
0
0
0
13.7
0
21.3
2.5
0
0
0
0
0
2.8
0
0
0.5
0
15
0
0.5
0.5
6.9
19.8
3
0
0
0
0
0
0
0
0.3
3.8
1
0.3
0
17
0
7.6
0
12.7
0.3
0
0
0
0
0
0
0
0
33.5
7.4
2.8
0
2
0
0
10.9
4.3
0
0
0
0
0
0
0
0
0
0
0
1
4.6
0
0
0
0
13.7
6.6
0
16.3
0
0
4.3
16
25.7
22.1
5.3
0
0
0
0
0.8
0
0.5
4.3
5.3
22.4
12.4
3.8
0
1
0
0.8
2.8
0
102.1
33.5
32
0
0
0
16
8.9
1.3
0
0
0
0
0
0
0
0
0
0
0
0
0
0
0
0
0
0
0
0
0
7.1
46.5
0
0
0
0
0
0
0
0
0.3
0
0
0
0
0
0
0
0
0
0
0
0
0
0
0
0
0
0
0.5
0
0
0
0
0
0
0
0
0
0
0
0
0
0
0
0
0
0
0
0
0
0
0
0
0
0
0
0
0
0
0
0
0
0
0
0
0
0
0
0
0
0
0
0
0
0
0
0
0
0
0
0
0
0
0
0
0
0
0
0
0
0
0
0
0
0
0
0
0
0
0
0
0
0
0
0
0
0
0
0
0
0
0
0
0
0
0
0
0
0
0
0
0
0
0
0
0
0
0
0
0
0
0
0
0
0
0
0
0
0
0
0
0
0
0
0
0
0
0
0
0
0
0
0
0
0
0
0
0
0
0
0
0
0
0
0
0
0
0
0
0
0
0
0
0
0
0
0
0
0
0
0
0
0
0
0
0
0
0
0
0
0
0
0
0
0
0
0
0
0
0
0
1.8
0
0
0
0
0
0
0
0
0
0
0
0
0
0
5.8
0.3
1
0
0
0
0
0
0.5
0
0
0
0
3.3
3.6
0
7.4
0
0
0
0
0
0
56.1
0
0
0
0
0
0
0
0
0
0
0
0
0
0
0
0
0
0
0
0
6.4
0
1
0
0
0
3.6
50.8
0
6.1
0.8
8.9
0
0
0
0
0
0.3
0
0
0
7.1
0.5
0
27.9
34.8
1.3
0
0
0
0.3
0
0
0.3
1.3
42.9
42.4
0
5.8
3
18.8
2.8
0.5
0
17.3
0
0
0
0
0
0
0
0
0
0
11.4
10.2
0
2.3
0
3.3
3.3
3.6
0
3.8
2.8
0
30.2
0
0.5
1
0
8.1
41.4
15.7
1.5
5.6
0.3
11.9
0
0
0
0
0
0
0
0
0
18.5
0
0
4.1
1.3
0.5
0
0
0
0
0
0
0
0
0
0
7.6
0
0
0
0
0
0
0
0.3
0.3
0
0
0
0
0
0
0
0
0
0
0
0
0
0
0
0
0
0
0.5
0
0
0
0
0
0
0
0
0
0
0
0
0
0
0
0
0
0
0
0
0
0
0
0
0
0
0
0
0
0
0
0
0
0
0
0
0
0
0
5.3
114
10.9
0.8
0
0
0
0
0
0
0
0
0
0
0
0
0
0
0
0
0
0
0
0
0
0
0
0
0
0
0
0
0
0
0
0
0
0
0
0
0
0
0
0
0
0
0
0
0
0
0
0
0
0
0
0
0
0
0
0
0
0
0
0
0
0
0
0
0
0
0
0
0
0
0
0
0
0
0
0
0
0
0
0
0
0
0
0
0
0
0
0
1.3
0
0
0
0
0
0
0
0
0
0
0
0
0
0
0
0
0
0
0
0
0
0
0
0
0
0
0
0
0
0
0
0
0
0
0
4.3
0.8
0
0
0
0
0
16.8
0
0
0
0
0
0
0
16.8
0
4.8
21.3
0
40.1
0
23.6
0
0
0
0
0
0
0
0.3
14
9.9
21.1
9.1
0.3
33
0
0
0
0
0
0
0
0
0
0
2
0
0
0
1.8
1.5
0
0
14.2
14.7
0.3
0.5
0
0.3
0
1.8
35.3
0
0.5
5.3
25.1
62
0
24.4
1.5
10.9
4
17.2
0.6
0
15.6
15.6
15.6
12.6
17.2
53
11.6
0
22
2
0
8.2
9.4
1.4
0.8
1.4
0.8
3.6
2.8
0.8
2
0
0
0
0
0
8
0
19.2
0
0
0
0
42.4
3.6
12.6
14.6
5.8
0
2.2
0.4
3.4
1.4
0
0
0.6
0
2
13
37.4
20
6
1
21.8
16.2
24
0
0
1.2
34
49.6
4.2
36.8
27.6
4.4
0.2
3
7.6
0
0
0
10.8
4.2
3.6
10.8
5.6
17.8
1.8
2.4
0
0
0.8
0.8
0
0
20.8
7.2
0
0
0
0
0
0
0
0
0
0
0
0
0
0
0
0
0
0
0
0
0
0
0
0
0
0
0
0
0
0
0
0
0
0
0
0
0
0
0
0
0
0
0
0
0
0
0
0
0
0
0
0
0
0
0
0
0
0
0
0
0
0
0
0
0
0
0
0
0
0
0
0
0
0
0
0
0
0
0
0
0
0
0
0
0
0
0
0
0
0
0
0
0
0
0
0
0
0
0
0
0
0
0
0
0
0
0
0
0
0
0
0
0
0
0
0
0
0
0
0
0
0
0
0
0
0
0
0
0
0
0
0
0
0
0
0
0
0
0
0
0
0
0
0
0
0
0
2.6
0
0
0
0
0
0
0
0
12.2
0
0
0
0.1
0
0
0
0
0
0
0
0
0
0
0
0
10
0
0
0
0
0
0
0
0
0
0
7.8
14
4.9
0
0
0
0
0
0
0
0
0
0
6.5
21.5
0
0
0
0
0
0
0
7.1
0
0
0
0
0.4
41.5
0.2
0
0
0
0
0
11.2
0.2
23.6
0.1
0
2.7
6.5
0
0
0
0
0
0.1
0
0.6
2.7
0
0
0
61
0
0
0
0
0
0
0
0
0
0
0
0.3
37.4
0.3
2.4
0
0
0
0
33.4
2
0
1.8
4.4
0
2.2
60.2
0
0.1
42
3.5
51.7
0
0
6.8
0.5
0
13.6
14.4
14
0
0
0
5.1
4.3
46.9
63.3
9.9
0
0
0
0
0
0
0
0
0
0
0
5.2
0
0
0
0
0
0
0
0
0
0
0
0
0
0
0
14.3
17
51.8
6.3
2.1
3.4
5.8
0.1
9.8
40.1
2.5
9.8
0.3
10
28.4
0.5
13
0
0
0
0
0
0
0
0
1.8
5.4
4.5
0
0.5
0
6.7
12.5
2.9
5.1
6
12.1
1.8
0
0
0
0
0
0
0
0
0
21.5
37
7.1
45.8
53
0
5.2
0
0
0
0
0
0
6.2
0
0
1.2
0
0
0
0
0
0
0
0
0
0
0
0
0
0
0
0
0
0
0
0
0
0
0
0
0
0
0
0
0
0
0
0
0
0
0
0
0
0
0
0
0
0
0
0
0
0
0
0
0
0
0
0
0
0
0
0
0
0
0
0
0
0
0
0
0
0
0
0
0
0
0
0
0
0
0
0
0
0
0
0
0
0
0
0
0
0
0
0
0
0
0
0
0
0
0
0
0
0
0
0
0
0
0
0
0
0
0
0
0
0
0
0
0
0
0
0
0
0
0
0
0
0
0
0
0
0
0
0
0
0
0
0
0
0
0
0
0
0
0
0
0
0
0
0
0
0
0
0
0
0
0
0
0
0
0
0
0
0
0
0
0
0
0
0
0
0
0
9.2
7
15.5
0
0
0
0
0
0
1.3
0
0
0.1
0
0
0
0
0
0
30
4.2
2
0
0
0
0
0
0
0
0
10.7
1.1
0.9
0
0
0
0
0
0
0
2.2
0
0
0
0
0
0
0
0
0
0.4
0
0
0
0
0.6
0
0
13.8
0
0
0.3
0
0
9.5
0
0
0
0.8
38.7
16.4
0
8.4
0
20
4.3
0
7.2
0
0
10.8
9.2
0
0
0
0
0
7.7
7.7
7.7
0
0
0
8.5
7.2
25.3
41.1
35.2
3.5
4.1
9.7
21.8
3.8
10.7
8.9
0.2
22.1
32.6
51.7
80.2
5.3
0.8
0.1
0
0
0
0
0
0
0
0
0
0
0
10.4
0
25.6
4.2
9.2
11.2
5.2
1
1.8
0.8
1.9
2.1
2.9
0.4
2.1
2.3
5
20.3
2
61.3
57.5
0.5
42.7
20.3
3.1
5.9
17.9
0.2
0
0
45.5
0.4
0
0
0
2.8
54.8
2.1
12.8
3.7
40.5
53
0.7
16.1
233
29.1
3.6
0
0
4.1
0
0
0
0
0
0
0
0
0
0
0
0
0
0
0
0
0
0
0
0
0
0
0
0
0
0
0
0
0
0
0
0
0
0
0
0
0
0
0
0
0
0
0
0
0
0
0
0
0
0
0
0
0
0
0
0
0
0
0
0
0
0
0
0
0
0
0
0
0
0
0
0
0
0
0
0
0
0
0
0
0
0
0
0
0
0
0
0
0
0
0
0
0
0
0
0
0
0
0
0
0
0
0
0
0
0
0
0
0
0
0
0
0
0
0
0
0
0
0
0
0
0
0
0
0
0
0
0
0
0
0
0
0
0
0
0
0
0
0
0
0
0
0
0
0
0
0
0
0
0
0
0
0
0
0
0
0
0
0
0
0
0
0
0
0
0
0
0
0
0
0
0
0
0
0
0
0
0
0
0
0
0
0
0
0
0
0
0
0
0
0
0
0
0
0
0
0
0
0
0
0
0
0
0
0
0
0
0
0
0
0
0
0.8
1.8
0
10.1
11.5
0
0
0
1.1
0
0
0
0
0
0
23.9
0
0
12.8
0
0
0
0
0
0
0
0
0
0
0
0
8
9.4
0
0
0
0
0
0
0
0
0
0
15.4
0
0
0
0
16.6
0
21
0
13.4
6.6
0
0
14.4
18
0
0
0
0
0
0
0
3.6
0
0
0
0
0
14
2
9.2
0
2
0
5.4
4
14.6
0
23
4.4
0
0
0
0
9.2
4
9.2
6.8
8.2
17.8
37
3.6
11
0
0
1.2
13.2
0
4.4
0
0
0
0
5.2
0
6
0
0
0
0
2.1
0.5
7.2
0.4
2
4.2
3.8
53.8
0.2
17.6
16
0
0
0
0
0
3
60
4.6
2.6
5
1.4
3.6
36.8
73.8
10.4
0
0
0
7
0
0
4
0.1
0.2
14.6
36.8
38
13.8
51
0.7
26
0.1
0
0
0
0
0
0
0
0
0
0.6
0
2.6
0
0
0
0
0
0
0
0.6
0
0
0
0
0
0
0
0
0
1.4
0
0
0
0
0
0
0
0
0
0
0
0
0
0
0
0
0
0
0
0
0
0
0
0
0
0
0
0
0
0
0
0
0
0
0
0
0
0
0
0
0
0
0
0
0
0
0
0
0
0
0
0
0
0
0
0
0
0
0
0
0
0
0
0
0
0
0
0
0
0
0
0
0
0
0
0
0
0
0
0
0
0
0
0
0
0
0
0
0
0
0
0
0
0
0
0
0
0
0
0
0
0
0
0
0
0
0
0
0
0
0
0
0
0
0
0
0
0
0
0
0
0
0
0
0
0
0
0
0
0
0
0
0
0
0
0
0
0
0
0
0
0
0
0
0
0
0
0
0
0
0
0
0
0
0
0
0
0
0
0
0
0
0
0
0
0
0
0
0
0
0
0
0
0
0
0
0
0
1.2
0
0
0
0
0
0
0
0
0
0
0
0
0.2
0.5
0
1
8.4
0
0
0
0
0
0
0
0
0
0
8.4
4.8
0
0
6.2
3.7
5.8
0
0.4
2.8
54.4
5.2
2
0
1.2
0
0.2
0.3
0
0
0
0
0.5
0
0
0.8
0
4
7
0.1
16
3.6
0
73
21.8
0.2
0
0
0
0
0
0
4
0.3
0
0
0
0
0
20
0
9.4
0.8
2.8
0.6
0.6
8.6
1.3
11.2
0
41.8
0.6
23.8
12
1.2
0
3.4
9
0
9.8
41.8
30.6
12.2
56
0
9
0
0
0
0
0
0
1.2
0
0
12.2
1.2
14.8
2.8
0.7
0.8
0.3
0
12.2
33.8
22
24
52
26
7.6
2
0.9
0.3
0
0
0
0
0
0
3.6
0
1
0.6
0
6.8
0
0
0
4
0
0
0
0
0
0
0
0
0
0
0
0
0
0
0
19
10.4
0.4
0
0
0
0
0
0
0
0
0
0
0
0
0
0
0
0
0
0
0
0
0
0
0
0
0
0
0
0
0
0
0
0
0
0
0
0
0
0
0
0
0
0
0
0
0
0
0
0
0
0
0
0
0
0
0
0
0
0
0
0
0
0
0
0
0
0
0
0
0
0
0
4
0
0
0
0
0
0
0
0
0
0
0
0
0
0
0
0
0
0
0
0
0
0
0
0
0
0.7
12.6
0
0
0
0
0
0
0
0
0
0
0
0
0
0
0
0
0
0
0
0
0
0
0
0
0
0
0
0
0
0
0
0
0
0
0
0
0
0
0
0
0
0
0
0
0
0
0
0
0
0
0
0
0
0
0
0.6
0
0.4
0
0
0
0
0
0
0
0
0
0
0
0
0
0
0
0
0
0
0
0
0
8.2
10.2
0
0
0
0
0
0
0
0
0
0
0
0
0
0
0
0
0
0
0
10.5
0
0
0
0
0
0
0
0
0
0
6
2.5
0.5
0
0
0
0
0
0
0
0.2
0
0
26
2
0
0
0
0
0
17
2.5
0
0
0
0
0
0
0
0
0
0
0
1
0
8
10
35
3.5
13
0
0
0
2
16
8
0
0
0
0
0
7
0
0
5
4
22
0
0
0
0
1
16
10
3.5
0
1
6
13
13
0
4
0
0
0
12
0
0
0
0
1
11
18
37
16
20
10
0
17
26
1
0
0
0
0
0
0
49
0
0
0
0
2.5
12
3
0
0
6.5
0
0
0.5
0
25
3.5
0
0
0
12.5
26
9
14
28
8.8
0.4
9.2
0
8.4
82.2
1.8
9.2
1.6
11.8
0
7.2
0
2.8
1.2
0
0
0
0
0
0
0
0
0
1
0
0
0
0
0
0
0
0
0
0
0
0
0
0
0
0
0
0
0
0
0
0
0
0
0
0
0
0
0
0
0
0
0
0
0
0
0
0
0
0
0
0
0
0
0
0
0
0
0
0
0.3
0
0
0
0
0
0
0
0
0
0
0
0
0
0
0
0
0
0
0
0
0
0
0
0
0
0
0
0
0
0
0
0
0
0
0
0
0
0
0
0
0
0
0
0
0
0
0
0
0
0
0
0
0
0
0
0
0
0
0
0
0
0
0
0
0
0
0
0
0
0
0
0
0
0
0
0
0
0
0
0
0
0
0
0
0
0
0
0
0
0
0
0
0
0
0
0
0
0
0
0
0
0
0
0
0
0
0
0
0
0
0
0
0
1.2
1.4
0
0
0
0
0
0
0
0
0
0
0
0
0
0
0
0
0
0
0
0
0
0
0
0
0
0
0
0
0
0
0
0
0.8
0
0
0
0
1
0
0
0
0
0.5
0
0
0
0
29.2
3.2
5
0
0
0
0
0
0
17.6
0
0
0
0
0
0
0
0
0
0
0
0
0
9.8
0
0
0
0
0
0
8.8
1.1
5.2
0
0
0
0
0
0
0
5
0
55.2
0.6
0
0
0
0
0
0
0
0
1.2
0
0
6.8
0
1.8
8.4
0
4
0
0
0
0.6
0
1.8
0
0
10.6
61.6
2.2
82
0.8
0
0
0
0
0
9.4
28
12
0
0
0
7.2
19
5.1
0
0
5
0
24.8
1.5
34.8
6.8
0
0
2
0
12.2
12
0.2
2.8
21
1.2
1.4
5.4
2.4
32
19
8.4
24.2
7.4
6.6
6
0
0
0
0
0
11.4
2.2
1
0
0
0
0
14.8
0
0
5.4
0
0
0
84.8
22.6
23.4
9.4
0
0
0
0
0
0.4
24.8
4.6
2
4.8
0
0
0
0
0
0
0
0
0
0
0
0
0
0
0
0
0
0
0
0
0
0
0
0
1
1.4
0
0
0
0
0
0
0
0
0
0
0
0.4
6.8
0
0
0
0
0
0
0
0
0
0
0
0
0
0
0
0
0
0
0
0
15.6
0.8
0
0
0
0
0
0
0
0
0
0
0
0
0
0
0
0
0
0
0
0
0
0
0
0
0
0
0
0
0
0
0
0
0
0
0
0
0
0
0
0
0
0
0
0
0
0
0
0
0
0
0
0
0
0
0
0
0
0
0
0
0
0
0
0
0
0
0
0
0
0
0
0
0
0
0
0
0
0
0
0
0
0
0
0
0
0
0
0
0
0
0
0
0
0
0
0
0
0
0
0
0
0
0
0
0
0
0
0
0
0
0
0
0
0
0
0
0
0
0
0
0
0
0
0
0
0
0
0
0
0
0
0
0
0
0
0
0
0
0
0
0
0
4.8
0
0
0
0
0
1.6
0
33.8
0.6
0
0
1
0
0
0
0
0
0
0
0
0
0
0
0
0
0.8
3.6
0
0
0
0
0
61
0
0
0
0
0
0
4
0
0
0
0.4
17
0
0.5
3
0
0
0
15
50
0.2
0
0
0
23.8
0.5
0
0
0
0
0
0
0
2.6
0
0
0
0
0
0
0
5
0
0.2
11.8
0
0
0
0
1.8
0
19
26.2
0.1
1.2
0
2.2
0
87.4
123.8
17.6
0
0
70.8
0
44.2
0
4.2
12
1
1
0
4.4
0
1.4
10.4
73.4
102.4
0.4
1.8
0
0.6
31.6
29.6
4.2
0.2
0
16.8
28.8
26.6
16.8
9.6
22
0.3
6.6
9.3
63.2
4.6
11.6
20
2.6
0.4
0.2
0
0.8
0
13.4
0
7.8
1
0
0
0
0
0
0
0
23.4
0
0
0
0
0
0
0
0
0
0.8
0
0
0
0
0
0
0
5.6
0.5
0
0
0
0
0
0
0
0
0
0
0
0.2
0
1.6
0
0
0
0
0
0
0
0
0
0
0
0
0
0
0
0
0
0
0
0
0
0
0
0
0
0
0
0
0
0
0
0
0
0
1.3
5
0
0
0
0
0
0
0
0
0
0
0
0
0.4
0
0
0
0
0
0
0
0
0
0
0
0
0
0
0
0
0
0
0
0
0
0
0
0
0
0
0
0
0
0
0
0
0
0
0
0
0
0
0
0
0
0
0
0
0
0
0
0
0
0
0
0
0
0
0
0
0
0
0
0
0
0
0
0
0
0
0
0
0
0
0
0
0
0
0
0
0
0
0
0
0
0
0
0
0
0
0
0
0
0
0
0
0
0
0
0
3
0
0
0.8
0
0
0
0
0
0
0
0
0
0
0
0
0
0
0
0
0
0.3
0
0
0
0
26
11
0
0
0
0
0
0
0
0
0
0
0
0
0
0
0
0
0
0
0
0
0
0
0
0
0
0
0
0
0.4
0
0
0
0
0
0
0
0
0
0.8
0
3.4
5.6
4
151.4
15.8
0
0.2
0
0
0.2
0.5
0
51.8
0
0.6
5.2
0
7.8
8
0
0
0
0
0
0
0
0
0
5
0
0
0
0
0
0
0
0
7.2
1.2
0
9.8
0
0.8
0
0
0.3
0
0
10.8
5.2
0
0
0
1.8
10.8
0.8
11
18.2
1
0
0
0.1
3.2
17.6
0.4
0
0
14.6
0.8
0.1
1.2
5.6
0
10.2
8.4
0.4
0
0
0.8
0.1
0
0
3.8
12.6
16.4
8.4
1.8
3
58
13.8
7.4
2.2
5.8
0
0
0
1.8
0
0.4
0
0
26
4
16.2
11.4
12.8
5.4
10.2
0
6.6
44
12
4
0.6
0
0
0
0
0
0
0
0
0
0
0
62.4
7.4
12.8
21.6
12.6
26.6
6.6
3.6
0
0
0
0
0
0
0
0
0
0
0
0
0
0
0
0
0
0
0
0
0
0
0
0
0
0
0
0
0
0
0
0
0.4
0.3
0
0
0
0
0
0
0
0
0
0
0
0
0
0
0
0
0
0
0
0
0
0
0
0
0
0
0
0
0
0
0
0
0
0.1
0
0
0
0
0
0
0
0
0
0
0
0
0
0
0
0
0
0
0
0
0
0
0
0
0
0
0
0
0
0
0
0
0
0
0
0
0
0
0
0
0
0
0
0
0
0
0
0
0
0
0
0
0
0
0
0
0
0
0
0
0
0
0
0
0
0
0
0
0
0
0
0
0
0
0
0
0
0
0
0
0
0
0
0
0
0
0
0
0
0
0
0
0
0
0
0
0
0
0
0
0
0
0
0
0
0
0
0
0
0
0
0
0
0
0
0
0
0
0
0
0
0
0
0
0
0
0
0
0
0
0
0
0
0
0
0
0
0
0
0
0
0
0
0
0
0
0
0
0
0
0
0
0
0
0
0
0
0
2.2
0
0
0
0
0
0
3.4
0
0
7.6
0
0
17.2
0
0
0
0
0
0
0
0
0
0
0
2
1.2
3.6
0.1
4.8
0
14.2
0
7
0
4.8
0
0
17
2.4
0
0
0
0
0
0
0.8
0
0.8
4.6
0
0
19.8
0
0.2
44.8
0
40.4
0
0
0
0
0
0
0.4
0
0
0
12.8
0
0
0
0
0
0
0
0.4
3.4
0.2
0
0
0
12.2
3.6
3.4
0
0
22
0
0.4
0.4
0
15.6
0
0
0.4
0
0
3.8
0
0.5
0.2
2.6
0.2
0.4
22.2
1.4
0
0
0
20.2
0
0
0
114.8
0.4
1.2
0
6.2
1.4
18
14
25.2
0
5.2
5.6
5.4
11.6
9.5
0
0
15.8
0
0
0
22
0
2.2
0
29.8
0
0
0
2.4
0
0
0
0
0
0
0.4
0
6.6
0
0
0.6
0
0
0
0
0
0
0
0
0
0
2.6
2.8
1.2
0
18.6
0
0
0
0
0
0
0
0
0
0
0
0
0
0
0
0
0
0
0
0
0
0
0
0
0
0
0
0
0
0
0
0
0
0
0
0
0
0
0
0
0
0
0
0
0
0
0
0
1.2
0
0
0
0
0
0
0
0
0
0
0
0
0
0
0
0
0
0
0
0
0
0
0
0
0
0
0
0
0
0
0
0
0
0
0
0
0
0
0
0
0
0
0
0
0
0
0
0
0
0
0
0
0
0
0
0
0
0
0
0
0
0
0
0
0
0
0
0
0
0
0
0.2
0
0
0
0
0
0
0
0
0
0
0
0
0
0
0
0
0
0
0
0
0
1
0
0
0
0
0
0
0
0
0
0
0
0
0
0
0
0
0.6
0
0
0
0
0
0
0
0
0
0
0
0
2
0
0.2
0
0
0
0
0
0
0
0
0
0
0
7.4
0
0
0
2.2
2
0
0
0
0
0
0
0
0
0.6
0
0
0.8
19.6
0
10
0
1.6
0
0
0
0
0
10
23.6
0
0
13.8
27.2
0
5.2
1.8
0.6
0
0
0
0
0
0
0
0
0
0
0
0
0
0
0
0
0
0
1
1
0
0
0
32.8
0
0
10.8
0
1.4
0
32.4
74
2.6
2.2
0
3.6
0
0
0
0.4
0
24.2
21.8
0
40.2
7.4
33.6
0.4
0
7.6
48.6
1.2
2.8
18.4
0
0
0
0
0
26.4
0
0
0.6
0
0
31.4
14.8
4
18.2
43.4
20.8
8.8
1.2
0
0
0
0.6
20.6
19.6
36.4
6.4
67.2
0.2
0
4.8
0.2
0
6.4
32
17
0
0
0
10
0
0
1.6
1.2
0
1
0
0
12.2
0
0
0
1.4
0
4.6
0
0
0
0
0
27.2
0
0
0
0
0
0
0
0
0
0
0
0
0
0
0
0
0
0
0
0
0
0
0
0
0
0
0
0
0
0
0
0
0
0
0
0
0
0
0
0
0
0
0
0
0
0
0
0
0
0
0
0
0
0
0
0
0
0
0
0
0
0
0
0
0
0
0
0
0
0
0
0
0
0
0
0
0
0
0
0
0
0
0
0
0
0
0
0
0
0
0
0
0
0
0
0
0
0
0
0
0
0
0
0
0
0
0
0
0
0
0
0
0
0
0
0
0
0
0
0
0
0
0
0
0
0
0
0
0
0
0
0
0
0
0
0
0
0
0
0
0
0
0
0
0
0
0
0
0
0
0
0
0
0
0
0
0
0
0
0
0
0
0
11.5
48.4
0
0
0
1.1
0
0
0
0
0
0
0
0
0
0
0
0
0
0
0
0
0
0
0
0
0
0
0
0
0
0
0
0
0
1.8
0
0
0
0
0
0
0
0
0
0
0
0
0
0
0
0
9.4
0
0
21
0
0
0
0
0
0
0
0
0
0
0
0
0
0
0
0
0
0
0
0
0
0
0
0
0
0
0
0
2
0
0
0
11.5
0
0
0
0
0
34.5
0
0
11.8
0
21.6
14
49.8
0
0
2.2
0
0
0
0
0
0
0
9
0
5.2
0
0
0
5
0
0
0
2
0
0
11
0.8
0
0
0
0
0
0
2.8
0
0
23.8
12.4
1.4
0
2.8
0
0
0
0
2.2
0
0
0
14
34
72.4
0.8
0
0
0.4
2
0.6
3
5.4
2
0
0
0
0
3.4
0
0
24.8
0
0
11.4
2.8
0
4.2
22.2
0
0
0
0
0
0
0
0
8.8
0
11.8
4.2
3.6
0
0
0
0
0
0
48.8
49.6
18
126.4
21.6
1.4
0
0
0
0
0
0
0
0
0
0
0
0
16.8
12.2
16.4
20.2
5
0
0
0
0
0
0
0
0
0
0
0
0
0
0
0
0
0
0
0
0
0
0
0
0
0
0
0
0
0
0
0
0
0
0
0
0
0
0
0
0
0
0
0
0
0
0
7.6
0
0
0
0
0
0
0
0
0
0
0
0
0
0
0
0
0
0
0
0
0
0
0
0
0
0
0
0
0
0
0
0
0
0
0
0
0
0
0
0
0
0
0
0
0
0
0
0
0
0
0
0
0
0
0
0
0
0
0
0
0
0
0
0
0
0
0
0
0
0
0
0
0
0
0
0
0
0
0
0
0
0
0
0
0
0
0
0
0
0
0
0
0
0
0
0
0
0
0
0
0
0
0
0
0
0
0
0
0
0
0
0
0
0
0
2
0
0
0
0
0
0
0
0
0
0
0
0
0
0
0
0
0
0
0
0
0
0
0
0
0
0
0
39.6
0
0
0
0
0
0
0
19.8
1.8
2
35.8
11.4
0
0
0
0
0
0
0
5.4
0
0
0
0
0
4.6
0
0
0.6
1.8
1.6
8
0
30
0
0
0
0
0
0
2.6
0
58
0
2.4
0
28
3
0
0
0
0
0
0
0
0
0
0
0
0
0
0
4.6
0
0
1
5.2
0
0
1.2
44.4
4
0
0.4
0
0
0
0
0
0
0
0
4.8
31
0
5.8
8.6
0.2
29
1.4
48
19.2
11.8
0
0
0
0
0
0
1.8
0
0
0
1
0.4
0
0
0
0
0
0
12
0
0
0
0
0
0
0
0
0
0
0
0
23.8
1.4
0.2
0
0
0
0
0
0
0
0
1
4.2
0
0
0
0
0
0
0
1.4
0
0
0
0
0.2
0
0
0
0
47.4
20.4
0
0
0
0
0
0
0
0
7
0
0.2
0
0
0
0
0
0
0
0
0
0
0
0
0
0
0
0
0
0
0
0
0
0
0
0
0
0
0.6
0
0
7.2
0
0
0
0
0
0
0
0
0
0
0
0
0
0
0
0
0
0
0
0
0
0
0
0
0
0
0
0
0
0
0
0
0
0
0
0
0
0
0
0
0
0
0
0
0
0
0
0
0
0
0
8.4
23.6
0
0
0
0
0
0
0
0
0
0
0
0
0
0
0
0
0
0
0
0
0
0
0
8.2
1.6
19.6
0
0
0
0
0
0
0
0
0
0
0
0
0
0
0
0
0
0
0
0
0
0
0
0
0
0
0
0
0
0
0
0
0
0
0
0
0
0
0
0
0
0
0
0
0
0
0
0
0
0
0
0
0
0
0
0
0
0
0
0
0
0
0
0
0
5
4.8
0
0
0
3.6
0
0
0
0
0
0
0
0
0
0
0
1.4
0
0
0
0
0
0
0
0
55.4
0
0
0
0
1.6
0
0
0
0
0
0
0
0
0
0.6
0
0
0
3.4
1.2
0
5.4
0
0
0
0
0
0
0
0
0
0
0
0
0
0
18.4
0
0
0
5.8
0
0
0
0
0
7.2
0
0
0
0
0
0
0
0
0
0
0
10
3
0
0
0
0
0.6
35.4
0.6
1.8
0
0
0
0
0
0
1.4
0
0
0.6
9
9
7
2.2
32.4
8
13.6
408.6
3.6
0.4
0
0
0
1.6
0
0
0
28.6
1
9.8
0
0
0
1.4
0
0
0
1.2
0
5.4
0
2.8
0
12.4
13
23
9.8
20.4
6
105.2
2.4
39.6
49.8
0.8
8.4
0
3.4
0
2
0
0
0
0
0
0
0
0
0
1
0
0
0
0
0
0
0
0
0
0
0
0
0
0
0
0
0
0
0
0
0
0
0
0
0
0
0
0
0
0
0
0
0
0
0
0
0
0
0
0
0
2.2
0.2
0
0
0
0
0
0
0
0
0
0
0
0
0
0
0
0
0
0
0
0
0
0
0
0
0
0
0
0
0
0
0
0
0
0
0
0
0
0
0
0
0
0
0
0
0
0
0
0
0
0
0
0
0
0
0
0
0
0
11
0
0
0
0
0
0
0
0
0
0
0
0
0
0
0
0
0
0
0
0
0
0
0
0
0
0
0
0
0
0
0
0
0
0
0
0
0
0
0
0
0
0
0
0
0
0
0
0
0
0
0
0
0
0
0
0
0
0
0
0
0
0
0
0
0
0
0
0
0
0
0
0
0
0
0
0
0
0
0
0
0
0
0
0
0
0
0
0
0
0
0
0
0
0
0
0
0
0
0
0
0
0
0
0
0
0
0
0
0
0
0
0
0
0
0
0
0.2
0
0
0
0
0
0
0
0
0
0
0
0
0
0
0
0
0
0
0
0.4
0.2
0
0
8.6
0
0
0
1
0.6
0.2
3
0
3
0
0
0
0
0
0
0
13.2
0
0
6.4
12
0
0
0
0
0
0
0
0
0
0
21.2
0
13.6
0
8.8
4.2
10.8
53
12.8
40
0.4
0
0
0
0
0
3.8
0
0
0
82
9
10.2
0
0
0
2.6
18
4.6
0
0
0
3
10.4
0
0
0
0
0
0
0
2.6
0
0
0
7.6
2.2
0
2
0
0
0
2
0
0
0
28.8
1.2
0
123.4
26
25.6
0.2
0
0
0
0
0
0
4.4
1.6
0
0
0
0
0
0
0
0
0
0
1.4
0
0
0
0
0
0
0
0
0
0
0
0
4.4
0
0
0
0
0
26.4
0
0
0
3.8
20.8
44.2
2.6
3.2
4.8
0.2
3.8
0
0
0
0
0
0
0
0
0
0
0
0
0
0
0
0
0
0
0
0
0
0
0
0
0
0
0
0
0
0
0
0
0
0
0
0
0
0
0
0
0
0
0
1.2
0
0
0
0
0
0
0
0
0
0
0
0
0
0
0
0
0
0
0
0
0
0
0
0
0
0
0
0
0
0
0
0
0
0
0
0
0
0
0
0
0
0
0
0
0
0
0
0
0
0
0
0
0
0
0
0
0
0
0
0
0
0
0
0
0
0
0
0
0
0
0
0
0
0
0
0
0
0
0
0
0
0
0
0
0
0
0
0
0
0
0
0
1.6
0
0
0
0
0
0
0
0
0
0
0
0
0
0
0
0
0
0
0
0
0
0
0
0
0
0
0
0
0
0
0
0
0
0
0
0
0
0
0
0
0
0
0
0
0
0
0
0
0
0
0
0
0
1.8
0
0
3.2
0
0
0
0
0
0
0
0
0
0
0
0
0
0
0
0
0
3.2
0
0
0
0
0
0
0
0
0
0
0
0.2
0
0
0
0
17.8
0
30.6
1.2
3.8
1
1
0
0
0
0
23.6
2
6.6
2.6
0
1.2
5.8
32.4
31.8
0
9.6
0
0.8
0.4
21
0
1.4
0
4.8
0
0
0
8.4
0.2
3.6
0.4
24.4
0
0
19.6
0
0
0
0
2
15.4
1.6
0
0
0
0.4
0
0
2.4
0
0
0
0
0
0
0
0
0
0
2.6
0.2
5
0.6
0
19.8
0
7
36
22.4
0
0
0
5
0
11.6
0
0
66
15.8
0
0
0
0
4.4
0.6
0
0
0
0.2
0
0.8
0
0
0
0
4.8
0
0
0
0
0
0.6
0.6
0.8
1.8
25.8
10
15.6
3.6
11.6
0.6
61.6
24.4
27.6
2.4
82.4
13
0
7.6
0
1.8
7.4
0
0
0
0.4
0
0
0
0
0
0
0
0
0
0
3
0
0
0
0
0
0
11.8
0.4
0.2
0
0
0
1
0
0
0
0
0
12
0.6
0
0
0
0
0
0
0
0
0
0
0
0
0
0
0
0
0
0
0
0
0
0
0
0
0
0
0
0
0
0
0
0
0
0
0
0
0
0
0
0
0
0
0
0
0
0
0
0
0
0
0
0
0
0
0
0
0
0
0
0
0
0
0
0
0
0
0
0
0
0
0
0
0
0
0
0
0
0
0
0
0
0
0
0
0
0
0
0
0
0
0
0
0
0
0
0
0
0
0
0
0
0
0
0
0
0
0
0
0
0
0
0
0
0
0
0
0
0
0
0
0
0
0
0
0
0
0
0
0
0
0
0
0
0
0
0
0
0
0
0
0
0
0
0
0
0
0
0
0
0
0
0
0
0
0
0
0
0
0
0
0
0
0
0
0
1.4
0
0
0.6
0
0
0
0
0
0
0
0
4.6
0.4
0
6.6
0
0
0
0
10.6
0
0
0
0
5.2
22
0.2
0
0
0
0
0
0
0
0
0
12.2
5.4
0
0
1.4
0
0
7
0
0
0
0.2
0
7.6
0
0
0
0
4.6
0
0
0
0
0
0
0
15.8
0
0
0
0
7
2.6
0
0
0
0
0
0
0
0
0
0
0
0
0
0
0
0
4.8
0
20.8
26
12.6
0.3
0
0
0
0
12
1
4
3.2
37.6
0
0
0
10
0
0
26.2
0
7.4
0
0
0
0
0
0
0
0
0
0
0
0
0
0
4.6
13.2
0
0
2.2
3
0
0
5.8
3.6
3
0.6
4.8
0
0
0
2.4
0
1
1.2
10.4
0
1.8
2.2
0
0
0
0
0
20.8
0
0
0
2.6
0
0
0
0
0
0
0
0
1.4
1
0
0
9
0
0
0
0
6
6
6
0
0
0
0
0
0
0
0
0
0
0
0
0
0
0
0
0
0
0
0
0
0
0
0
0
0
0
0
1.6
0
0
0
0
0
0
0
0
0
0
0
0
4.6
1.4
0
0
0
0
0
0
0
0
0
0
0
0
0
0
0
0
0
0
0
0
0
0
0
0
0
0
0
0
0
0
0
0
0
0
0
0
0
0
0
0
0
0
0
0
0
0
0
0
0
0
0
0
0
0
0
0
0
0
0
0
0
0
0
0
0
0
0
0
0
0
0
0
0
0
0
0
0
0
0
0
0
0
0
0
0
0
0
0
0
0
0
0
0
0
0
0
0
0
0
0
0
0
0
0
0
0
0
0
0
0
0
0
0
0
0
0
0
0
0
0
0
0
0
0
0
0
0
0
0
0
0
0
0
0
0
0
0
0
0
0
0
0
0
0
0
0
0
0
0
0
0
0
0.8
0
0
0
0
0
0
0
0
0
0
0.2
0
1.4
0
0
0
0
0
0
13
4
0
0
0
0
0
0
0
0
10
0
0
0
0
0
1
0
0
0.6
0.2
0
0.4
0.6
2
20
0
62
0
7.2
18.8
35
9.4
0
0
0
0
0
1.4
0.8
0
0
0
0
10.4
0
0
0
0
44.2
0
0
0
16.4
30.6
56
0
3
10.8
14.4
8.6
6.8
3.4
0
0
0
0.6
0.6
0
0.4
0
0
0.6
1.6
0.1
0
10.2
0
26.8
2
74
5.2
10
10
13.1
6.4
23.3
11.1
3.6
6.4
0
12.2
0
7.2
4.8
0.3
5.6
13.6
15.5
84.4
20.9
43.2
62.1
1.1
6.2
73.2
31.2
0
16.8
0
0
3.6
0
0
0
0
0
0
0
0
0.8
0
0
0
0
0
0
0
0
0
0
2.2
0
0
0
3
0
0
0
0
16.4
7.4
28
0.1
2.7
0.1
1.2
0
0
0
0.2
2.2
0
0
0
0
0
0
0
0
0
0
0
0
0
0
0
0
0
0
0
0
0
0
0
0
0
0
0
0
0
0
0
0
0
0
0
0
0
0
0
0
0
0
0
0
0
0
0
0
0
0
0
0
0
0
0
0
0
0
0
0
0
0
0
0
0
0
0
0
0
0
0
0
0
0
0
0
0
0
0
0
0
0
0
0
0
0
0
0
0
0
0
0
0
0
0
0
0
0
0
0
0
0
0
0
0
0
0
0
0
0
0
0
0
0
0
0
0
0
0
0
0
0
0
0
0
0
0
0
0
0
0
0
0
0
0
0
0
0
0
0
0
0
0
0
0
0
0
0
0.1
0
0
0
0
0
0
0
0
0
0
0
0
0
0
0
0
0
0
0
0
0
0
0
0
0
0
0
0
0
0
0
0
0
0
0
0
0
0
0
0
0
0
0
0
0
0
0
0
0
0
0
0
0
0
0
0
0
0
0
0
0
7
30.8
0
0.2
0
0
0
0
48.1
0
5
0.2
8.9
2.2
0
0
0
0
0
0.6
0
19
18.4
1
0
0
0
0
0
0
0.1
26.7
0
0.1
0
0
22
9.1
0
7.8
0
0
6.4
0
0
0
0
0
0
0
0
17
1.8
0
0
75.3
0
36.2
0.3
0
0
0
0.5
0
0
0
0
0
0
0
0
0
0
0
0
0
1.2
0
0
0
4
0
0
29.3
1.2
0
0.8
0
6.4
3
6
73.5
0.5
7.7
0
0.5
0
29.6
2.2
0
0.8
0
0
0
0
0
7.2
22.7
17.2
13
9.3
0
0
0
0
0
13.5
0
0
0
0
0
0
31
2.4
0
0
0
0
0
0
0
6.8
0
0
0
0
0
0
0
0
0
1.8
0
0
0
0
0.2
1.2
0
0
0
4.4
0
0
0
0
0
112
0
0
0
0
0
0
0
0
6.2
0
0
0
0
0
0
0
0
0
0
0
0
0
0
0
0
0
0
0
0
0
0
0
0.4
0
0
0
0
0
0
0
0
0
0
0
0
0
0
0
0
0
0
0
0
0
0
0
0
0
0
0
0
0
0
0
0
0
0
0
0
0
0
0
0
0
0
0
0
0
0
0
0
0
0
0
0
0
0
0
0
0
0
0
0
0
0
0
0
0
0
0
0
0
0
0
0
0
0
0
0
0
0
0
0
0
0
0
0
0
0
0
0
0
0
0
0
0
0
0
0
0
0
0
0
0
0
0
0
0
0
0
0
0.1
0
0
0
0
0
0
0.7
2.9
4.5
0
8
0
0
0
0
0
0
0
0
0
0
0
0
0
0
0
0
0
0
0
0
0
0
0
0
0
0
0
0
0
0
0
0
0
0
0
0
0
0
0
0
0
0
0
0
0
0.2
0
0
0.6
2.4
0
0
0
0
0
0
0
1.1
0
0
0.2
0
0
0
6.2
2.5
2
4.4
0
0
0.3
0
2.3
0
0
0
0
0
0
2.8
2.4
34.6
0
0
0
0
0
0
16
0
0
0
0
0
4.9
0
7.9
0
11.4
17.3
0
0
0
0
0
0
0
0
0
1
1.2
2.6
5.4
1.8
0
0
0
0
0
0
0
0
1.6
0
0
0
0
8.6
0.5
0
0
0
0
0
24.2
83.5
45.2
4.4
41.1
1
15.8
2
29
3
6.6
3.4
0
3.4
1.4
0
0
8.4
0
0
1.4
7.6
1.4
23
0
0.4
2.4
10.6
4.6
0.2
27.8
8.2
11.4
0.1
0
0
0
0
0
1
0
0
0
0
0
0
0
0
0
0
0
0
0
0
0
1.3
7.5
0
0
0
0
0
0
0
0
0
0
0
0
0
0
0
0
0
0
0
0
0
0
0
0
0
0
0
0
0
0
0
0
0
0
0
0
0
0
0
0
0
0
0
0
0
0
0
0
0
0.5
0
0
0
0
0
0
0
0
0
0
0
0
0
1
0
0
0
0
0
0
0
0
0
0
0
0
0
0
0
0
0
0
0
0
0
0
0
0
0
0
0
0
0
0
0
0
0
0
0
0
0
0
0
0
0
0
0
0
0
0
0
0
0
0
0
0
0
0
0
0
0
0
0
0
0
0
0
0
0
0
0
0
0
0
0
0
0
0
0
0
0
0
0
0
0
0
0
0
0
0
0
0
0
0
0
0
0
0
0
0
0
0
0
0
0
0
0
0
0
0
0
0
0
0
0
0
0
0
0
0
0
0
0
0
0
0
0
0
0
0
0
0
0
0
0
0
0
0
0
0
0
0
0
0
0
0
0
0
0
0
0
0
0
0
0
0
0
0
0
0.4
0
0
0
0
0.2
0
0
0
0
0
0
7
13.6
0
0
0
0
0.3
0
0.1
0
13.4
2.7
14.5
0
0
0
0
0
0
0
0
0
0
0
0
0
0
0
1.4
16.2
1.5
3.3
2.9
0.4
0
0
0
18.4
7.7
41.8
0
165.6
0
4.8
10
62.8
34.6
1.4
0
0
0
0
0
0
2.8
9.4
0
3
30.4
0
0
0
0
0
0
0
23.3
0
4.6
0
8.2
0
0
0
0
0
20.9
21.6
0
10.1
0
0
0
0
0
0
0
0
2
0.5
0
0
0.8
6
0
3
7.7
11.7
0.8
15.3
0
15.9
34.8
18.9
8.8
0.2
0
0
8.3
0.8
14.2
13.3
0
63.6
18.7
11.1
33.9
86.7
1.2
0
1.3
2.7
0
0
0
0
0
0
0
0
0
0
0
0
0
0
0
1.2
0
0
0
0
0
0
0
0
0
0.6
0
0
0
0
0
0
0
0
0
0
0
0
0
0
0
0
0
0
0
0
0
0
0
0
0
0
0
0
0
0
0
0
0
0
0
0
0
0
0
0
0
0
0
0
0
0
0
0
0
0
0
0
0
0
0
0
0
0
0
0
0
0
0
0
0
0
0
0
0
0
0
0
0
0
0
0
0
0
0
0
0
0
0
0
0
0
0
0
0
0
0
0
0
0
0
0
0
0
0
0
0
0
0
0
0
0
0
0
0
0
0
0
0
0
0
0
0
0
0
0
0
0
0
0
0
0
0
0
0
0
0
0
0
0
0
0
0
0
0
0
0
0
0
0
0
0
0
0
1
0
0
0
0
0
0
0
0
0
0
0
0
0
0
0
0
0
0
0
0
0
0
0
0
0
0
0
0
0
0
0
0
0
0
0.2
0
0
0
0
0
0
4.4
0
0
0
0
0
0
0
0
0
0
0
0
0
0
0
0
0
0
2
0
0
0
0
0
0
0
0
0
0
0
14.9
3.1
0
0
0
0
7.4
0
0
0
0
0
0
0
17.2
0.8
15.2
0
5.1
2.4
0.4
0
0
0.1
1.6
4.5
0
8.3
0.8
30.5
0.4
3.8
0
0
0
0
0
19.4
0
0
0
0
0
1.6
0
0
0
4
2
0
0
1
0.2
5.8
0
9.4
0
3
2
23.8
3.8
6.2
0.1
3
2.4
2.4
2.4
0.1
0.4
0
0
14.2
2.8
8.4
4
4.8
0
0
0
0
0
0
63.8
7.2
4.8
31.5
31.5
1.2
72.3
0
0
0
0
0
0
0
1.4
12.2
1.6
9.4
0
0
0.4
43.6
18
6
0
0
0
103.8
6.7
0.4
2.1
1.8
0.8
0
0
0
0
0.1
0
3
0.4
7.7
17.6
18.8
0
0
0
0
0
0
0
7.6
0
0
0
0
0
0
0
0
1.6
0
0
0
0
0
0
0
0
0
0
0
0
0
0
0
0
0
0
0
0
0
0
0
0
0
0
0
0
0
0
0
0
0
0
0
0
0
0
0
0
0
0
0
0
0
0
0
0
0
0
0
0
0
0
0
0
0
0
0
0
0
0
0
0
0
0
0
0
0
0
0
0
0
0
0
0
0
0
0
0
0
0
0
0
0
0
0
0
0
0
0
0
0
0
0
0
0
0
0
0
0
0
0
0
0
0
0
0
0
0
0
0
0
0
0
0
0
0
0
0
0
0
0
0
0
0
0
0
0
0
0
0
0
0
0
0
0
0
0
0
0
0
0
0
0
0
0
0
0
0
0
0
0
0
0
0
0
0
0
0
0
0
0
0
0
0
0
0
0
0
0
0
0
0
0
0
0
9.2
0
25.2
0
0
0
0
0
2
1
0
0
0
0
0
0
0
0
0
0
0
0
0
0
0
0
0
0
0
0
0
0
0
0
0
0
0
0.2
0
0
0
0
0
0
0
0
5
0
9.4
8
4.2
0
0
0
6.4
0
0
0
0
18
0
7.4
0
0
0
0
0
0
0.8
0
0.4
0
0
15.6
13
23.2
0
0
0
0
0
1.4
0
0
4.6
0
3
0
0
0
0
0.4
76.6
18
0.6
0
0
0
0
0
0
0
0
0.6
0.8
2.6
14.8
7
0.1
14.4
0
0
13.4
16.5
38.4
21.6
0
1.4
0
0
13
16.4
13.6
9.4
0
0
1.6
0
4.9
0
0
0
0.6
0
0
0
0
0
0
0
0
0
0
0
0
0
0
0
0.2
0.4
0
5.3
19.6
0
0
93.6
3.2
9
5.3
58.4
22
0.2
0
0
0
0
0
0
0
0
0
0
0
0
0
0
0
0
0
0
0
0
0
0
0
0
0
0.2
31
12.4
2.2
2.2
0
0
0
0
0
0
0
0
0
0
0
0
0
0
0
0
0
0
0
0
0
0
0
0
0
0
0
0
0
1.4
0
0
0
0
0
0
0
0
0
0
0
0
0
0
0
0
0
0
0
0
0
0
0
0
0
0
0
0
0
0
0
0
0
0
0
0
0
0
0
0
0
0
0
0
0
0
0
0
0
0
0
0
0
0
0
0
0
0
0
0
0
0
0
0
0
0
0
0
0
0
0
0
0
0
0
0
0
0
0
0
0
0
0
0
0
0
0
0
0
0
0
0
0
0
0
0
0
0
0
0
0
0
0
0
0
0
0
0
0
0
0
0
0
0
0
0
0
0
0
0
0
0
0
0
0
0
0
0
0
0
0
0
0
0
0
0
0
0
0
0
0
0
0
0
0
25
0
0
0
0
1
0
0
0
0
0
0
0
0
0
0
0
0
3
1
0
0
0
0
0
0
0
0
0
0
0
0
0
0
0
0
0
0
0
0
0
0
0
0
0.4
0
7
0
0
0
0
0
0
0
0
0
2
0
0
0
0
0
0
16.6
0.2
58.8
5.8
0.2
0
0
0
0
0
0.8
0.1
0
0
0
9.2
0
0
0
0
0
6.8
22.5
1.8
6.2
33.6
11.3
