0
275.6
3.6
0
21.1
8.9
0
0.5
3
0
0
25.7
29.7
1.3
0
24.1
0
0.3
10.4
1.8
5.1
0.5
5.8
0
25.4
1.8
0
1.3
45
50.8
1.8
0
11.4
28.2
63.2
5.1
27.9
6.9
22.6
24.9
5.6
0
0
0
0
0
24.1
5.8
30.5
3.3
9.4
0
19.1
17.8
9.7
16.8
0
4.3
0
4.1
4.3
20.3
25.4
2.5
3
34.8
4.6
4.3
26.4
0
5.8
0
9.7
27.2
1
13.2
5.6
3.3
3.8
0
0
0
25.9
36.6
31.2
0
0
1.3
18.8
0
0
0
0
0
0
0
0
0
0
0
0
0
0
0
0
0
0
0
0.5
1
0
0
0
0
0
0
0
0
0
0
0
0
0
0
0
0
0
0
0
0
0
0
0
0
0
0
0
0
0
0
0
0
0
0
0
0
0
0
0
0
0
0
0
0
0
0
0
0
0
0
0
0
0
0
0
0
0
0
0
0
0
0
0
0
0
0
0
0
0
0
0
0
0
0
0.3
0
0
0
0
0
0
0
0
0
0
0
0
0
0
0
0
0
0
0
0
0
0
0
0
0
0
0
0
0
0
0
0
0
0
0
0
0
0
0
0
0
0
0
0
0
0
0
0
0
0
0
0
0
0
0
0
0
0
0
0
0
0
0
0
0
0
0
0
0
0
0
0
0
0
0
0
0
0
0
0
0
0
0
0
0
0
0
0
0
0
0
0
0
0
0
0
0
0
5.1
0
0
0
0
0
0
0
0
0
0
0
0
0
0
0
0
0
0
0
0
0
0.3
0
0
0.3
0
0.3
0
0
0
0.8
0
0
26.9
7.1
0
0
0
0
0
0
0
1
0
0
0
0
0
0
0
0
0
0
17.5
0
0
0
0
0
0
6.9
0
2
1
15.2
0
5.8
0
19.1
0
0
3.8
0
2.3
15.2
0
12.7
7.6
0
0
0
15.2
147.3
80
11.4
39.6
61.2
37.8
83.6
33
0
0
44.5
53.8
14.5
5.1
0
0
4.3
0
0
0
15.2
0
0
0
8.9
33.3
54.1
0
0
5.1
7.1
10.2
8.1
7.6
0
0
22.4
0
0
0
9.1
0
6.6
0
96.5
8.1
9.9
8.9
0
0
0
8.6
0
0
0
0
0
2.5
38.1
4.6
0
0
0
2.5
8.9
0
0
0
0
37.6
5.6
0
0
26.7
50.8
39.9
16
0
52.3
34
53.3
23.9
0
10.2
0
0
0
0
0
34.5
3.8
10.7
0
0
0
0
0
0
0
3.3
0
0
0
0
0
0
0
0
9.7
10.9
0
0
0
0
0
0
0
0
0
26.7
0
0
0
0
0
41.1
0
5.1
0
0
0
0
0
0
0
0
0
13.5
0
0
0
0
0
0
0
0
0
0
0
0
0
0
0
0
0
0
0
0
0
0
0
0
0
0
0
0
0
0
0
0
0
0
0
0
0
0
0
0
0
0
0
0
0
0
0
0
0
0
0
0
0
0
0
0
0
0
0
0
0
0
0
0
0
0
0
0
0
0
0
0
0
0
0
0
0
0
0
0
0
0
0
0
0
0
0
0
0
0
0
0
0
0
0
0
0
0
0
0
0
0
0
0
0
0
0
0
0
0
0
0
0
0
0
0
0
0
0
0
0
0
0
0
0
0
0
0
0
0
0
0
0
0
0
0
0
0
0
0
0
0
0
0
0
0
0
0
0
0
0
0
0
0
0
0
0
0
0
0
0
0
0
0
0
0
0
0
0
0
0
0
0
0
0
0
0
0
0
0
14
0
0
0
0
0
0
0
0
0
0
0
0
0
0
0
0
0
0
0
0
11.7
0
0
46.5
0
0
16.5
21.1
0
0
13
0
0
6.9
0
6.9
0
0
0
0
148.6
0
0
20.8
0
22.9
0
0
0
0
0
0
0
21.6
23.1
0
7.9
0
0
94.5
134.6
34.5
21.6
10.2
46.5
0
0
0
0
0
39.1
11.4
0
0
13
23.6
0
0
59.9
0
7.9
32.3
41.1
0
0
0
0
66
0
0
0
0
0
23.1
8.9
4.6
20.8
21.6
0
0
57.2
170.2
0
0
0
26.7
0
0
0
0
0
0
0
0
0
5.8
0
0
0
0
0
14
0
44.7
0
0
0
0
0
0
0
0
0
0
0
0
0
0
0
0
0
0
0
0
0
0
0
0
0
0
0
0
0
0
0
0
14
5.1
0
0
0
0
14.2
0
0
0
0
0
0
0
2.5
0
0
0
0
0
0
0
0
8.9
16.8
0
0
0
0
0
0
0
0
0
0
0
0
0
0
0
0
0
0
0
0
0
0
0
0
0
0
0
0
0
0
0
0
0
0
0
0
0
0
0
0
0
0
0
0
0
0
0
0
0
0
0
0
0
0
0
0
0
0
0
0
0
0
0
0
0
0
0
0
0
0
0
0
0
0
0
0
0
0
0
0
0
0
0
0
0
0
0
0
0
0
0
0
0
0
0
0
0
0
0
0
0
0
0
0
0
0
0
0
0
0
0
0
0
0
0
0
0
0
0
0
0
0
0
0
0
0
0
0
0
0
0
8.6
0
0
0
0
0
0
0
0
0
0
0
0
0
7.9
3.8
0
0
0
6.9
9.4
14.2
8.1
0.8
0
0
0
0
3.3
8.6
12.2
0
0
0
0
0
0
0
2
0
0
0
5.6
0
0
22.9
0
1.5
0
0
13
21.3
4.3
0
10.2
1
0.5
0
0
0
0
0
0
0
1
0
0
0
0
3.6
0
0
1
0
0
0
0
0
18.5
87.6
66.8
67.3
113.5
10.9
18.3
27.2
6.9
34
86.4
20.8
0
0
9.7
0
0
0
0
6.6
3.3
0
50.3
5.8
0
41.7
0
21.3
26.9
32.8
8.9
7.1
0.8
0
0
1
0
0
0
0
0
32
20.3
32.3
0
11.2
0
21.1
17.3
3.3
10.4
7.1
0
1
4.6
9.9
11.7
13
8.6
37.8
10.2
0.8
9.9
0
0
5.8
65
33.8
1.5
4.3
0
0
0
0
22.1
10.7
17.8
2.3
11.9
4.1
6.1
0
3.3
15
0
8.6
41.9
0
8.6
0.8
15.2
0
1.3
0
14.2
8.4
0
0
0
0
0
0
1
22.9
0
0
4.8
0
0
0
0
0
0
0
0
58.4
0
0
0
0
0
0
0
0
0
0
0
0
0
0
0
0
0
0
0
0
0
0
0
1
0
0
0
2.3
0
0
0
0
0.8
0
0
0
1
0
0
0
0
2.3
0
0
24.4
0
0
0
0
0
0
0
0
0
0
0
0
0
0
0
0
0
0
0
0
0
0
0
0
0
0
0
0
0
0
0
0
0
0
0
0
0
0
0
0
6.9
0
0
0
0
0
0
0
0
0
0
0
0
0
0
0
0
0
0
0
0
0
0
0
2
0
0
0
0
0
0
0
0
0
0
0
0
0
0
0
0
0
0
0
0
0
0
0
0
0
0
0
0
0
0
0
0
0
0
0
0
0
10.4
0
0
0
0
0
0
0
0
0
0
0
0
0
0
0
0
0
0
0
0
0
1.5
4.3
0
2.5
0
0
0
0
0
0
0
0
6.6
0
0
0
0
0
0
0.8
0
1.5
0
0
0.5
0
0.5
1
1.8
18.5
0
3
4.1
1.5
0
14.2
0
0
0
1.3
2.3
7.1
25.7
11.2
35.6
0.3
0
0
0.3
46.2
18.5
9.4
0
0
0
0
0
0
0
0
0
6.1
0
0
0
0
0
0
0
32.5
0
0
19.6
0
21.6
1
2.3
3
5.1
0
0.5
7.1
0
0
0.3
0.5
0.8
0
14.5
11.7
24.4
17.3
10.4
3.3
8.1
9.4
11.2
1.5
15
6.9
0.5
1.8
15.7
8.4
8.1
5.6
4.3
0
1
48.3
1.3
4.6
1
38.9
49.8
17.5
3.6
8.6
10.4
2.5
10.7
0.3
3.3
13.7
10.4
1.3
6.9
16.8
34.3
16.3
29
23.9
8.6
2.8
43.2
0
0
0
0
0
0
0
0
0
0
0.8
2
9.9
2.5
4.8
18.5
0
0.5
39.9
0.8
0
11.9
0
2.3
1
1.5
28.2
7.9
0.3
5.8
2
0
0
8.1
4.8
0
3
10.9
4.8
13
15
0
34
0
0
21.6
40.6
7.9
1.3
1
21.3
0
0
0
133.6
68.6
0
2
14.5
0
0
5.6
2.3
0
0
0
0
0
0
0
0
0
0
0
0
0
0.5
0
0
0.3
0
0
0
0
0
0
0
0
0
0
0
0
0
0
0
0
0
0
0
0
0
0
0
0
0
0
0
0
0
0
0
0
0
0
0
0
0
0
0
0
0
0
0
0
0
1.3
0
0
0
0
0
0
0
0
0
0
0
0
0
0
0
0
0
0
0
0
0
0
0
0
0
0
0
0
0
0
0
0
0
0
0
0
0
0
0
0
0
0
0
0
0
0
0
0
0
0
0
0
0
0
0
0
0
0
0
0
0.8
0
0
0
0
0
0
0
0
0
0
0.8
0
0
1.3
0
0
0
0
0
0
0
0
0
0
0
0
0
0
0
0.3
0
0
0
0
0
0
0
0
13.5
0
1.3
0
0
0
0
0
0
0
0
0
0
0
0
0
0
0
5.8
0
2.5
0
0
0
0
0
0.8
0
0
3.8
0.3
0
7.9
0
0
0
0
0
0
0
1
0
8.4
0
0.5
0
0
0
0
0
0
0
0
1.3
5.6
0
25.9
0.8
0
0.5
42.4
0
1.3
0
0
42.7
0
0
43.2
0
1
0
0
2.8
11.2
26.2
33
4.8
7.9
43.2
0.8
1.3
4.1
0
0.5
33.5
32.3
92.5
39.6
0
4.8
0
1.5
22.6
31
0
0
0
1
0
0.8
0
0
0
0
0
0
1.8
0
0
2.8
2
30.2
0.5
23.1
17.5
23.9
7.6
11.7
3.8
0
9.4
0
5.1
0.3
0
0
2
4.3
10.9
3
12.2
1
29.2
11.4
12.2
0
23.4
2.8
38.1
37.1
26.7
39.4
13.5
4.6
7.6
10.9
6.6
0.8
2
67.8
2.8
1.3
5.8
8.9
1
19.3
0.8
0
0
0
0
0
0
10.2
3.8
0.8
0
0
0
44.5
0
0
0
0
0
0
0
0
0
0
0
0
0
0
3.3
0
0
0
67.1
25.1
3.3
0
0
0
0
0
0
0
0
27.2
18.5
8.1
2.8
0.5
3.3
0
0
0
0
0
0
0
0
0
0
0
0.5
0
0
0
0
0
0
0
0
0
0
0
19.1
0
0
0
0
0
0
0
0
0.3
0.5
0
0
0
0
0
3
0
0
0
0
0
0
0
0
0
0
0
0
0
0
0
0
0
0
0
0
0
0
0
0
0
0
0
0
0
0
0
0
0
0
0
0
0
0
0
0
0
0
0
0
0
0
0
0
0
0
0
0
0
0
0
0
0
0
0
0
0
0
0
0
0
0
0
0
0
0
0
0
0
0
0
0
0
0
0
0
0
0
0
0
0
0
0
0
0
0
0
0
0
0
0
0
0
0
0
0
0
0
0
0
0
0
0
0
0
0
0
0
0
0
0
0
0
0
0
0
0
0
0
0
0
0
0
0
0
0
0
0
0.5
0
0
0
0
0
0
0
0
0
0
0
0
0
0
0
0
0
0
0
0
0
0
0
0
0
0
0
2.5
0
0.8
2
0
0
0
0
0
0
0
0
0
0
0
5.8
0
0.8
1
1.5
0
0
0
0
0
0
0
0
10.4
8.6
0
6.9
1.8
30
14.7
9.1
41.1
5.3
0
5.6
0
0.8
0
0
0
0
2.5
0
3.8
0
0
0
0
0.3
0
0.3
27.7
36.8
48.8
19.3
43.4
1.3
36.3
0.5
0
2.5
0
11.4
19.6
8.1
47.5
27.9
19.8
26.7
108
22.9
1.3
42.7
0.5
0.8
0
0
0
0
0
2
3.6
11.9
0
3.8
0
6.4
25.9
10.7
0.5
6.4
5.3
9.7
6.1
0
0
0
0
2
0
17.3
10.7
8.4
14.7
0
34.8
0
5.3
20.3
1
38.6
2.5
0.3
0.8
14
32
1
0.3
13.7
66.8
11.4
6.4
50.8
254
50.8
25.4
0
0
0
0
0
0
0
0
0
0
0
0
0
0
0
0
0
0
0
0
0
0
0
0
0
0
0
0
10.9
9.7
52.1
0.8
0
0
1
0
0
0
0
0
0
0
5.1
0
38.9
0
0
4.8
38.1
0
0
0
0
0
0
0
0
0
0
0
0
0
2.5
0
0
0
0
0
0
0
0
0
0
0
0
0
0
0
0
0
0
0
0
0
0
0
0
0
0
0
0
0
0
0
0
0
0
0.8
0
0
0
0
0
0
0
0
0
0
0
0
0
0
0
0
0
0
0
0
0
0
0
0
0
0
0
0
0
0
0
0
0
0
0
0
0
0
0
0
0
0.3
0
0
0
0
0
0
0
0
0
0
0
0
0
0
0
0
0
0
0
0
0
0
0
0
0
0
0
0
0
0
3.3
0
0
0
0
0
0
0
0
0
0
0.3
0
0
0
0
0
0
0
0
0
0
0
0
0
0
0
0
0
0
0
3.3
0
0
0
0
0
0
0
0
0
0
0
0
0
0
0
0
0
0
2
0
0
0
0
0
0
0
0
0
0
0
0
0
0
0
0
0
0
0
0
0
0
0
0
5.3
0
9.1
0
0
0
11.2
20.8
0
0
0
0
0
0
0
0
29.7
1.8
6.4
0
0
0
0
0
0
0
0
14
11.4
0
0
0
1.5
2
0.5
0
4.1
0
0
13
1.8
7.1
3
3.8
2.8
2.8
12.2
20.1
0
1.3
0
0.8
0
0
2.5
2.5
0
16.3
0
20.1
0.5
0
0.3
5.8
0
14
7.6
1.3
14.7
67.1
63.5
8.4
5.3
22.1
7.6
1.3
0
2.8
2.5
33.5
1
0
0
0
0
0
0.3
0
0
38.1
0
22.9
10.7
25.7
6.4
2.5
0
8.6
1.8
23.6
0
58.4
56.6
3.8
0
0
0
0
13.7
0
0.5
59.2
12.2
102.9
23.1
45
8.9
0
5.1
30.5
0
0
1.8
0
0
0
0
0
11.2
0
0
0
0
0
6.4
0
9.1
0
0
0
0
4.6
0
0
0
0.8
0
0
0
0
0
0
1
67.3
1.3
1
0
0
0
0
0
0
0
0.8
0
0
0.3
0
0
0
0
0
0
0
0
0
0
0
0
0
0
0
0
0
0
35.8
0.3
0
0
0.5
0
0
0
0
0
0
0
0
0
1.5
0
0
0
0
0
0
0
0
0
0
0
0
0
0
0
0
0
0
0
0
0
0
0
0
0
0
0
0
0
0
0
0.3
0
0
0
0
0
0
0
13.7
5.1
8.9
0
0
0
0
0
0
0
0
0
1.3
0
0
0
0
0
0
0
0
0
3.8
0
0
0
0
0
0
0
0
0
0
0
0
0
0
0
0
0
0
0
0
0
0
0
0
0
0
0
0
0
0
0
0
0
0
0.3
0
0
0
1.3
0
0
0
0
0
0
0
0
0
0
0
7.4
0
0
0
0
0
0
0
0
0
0
0
0
25.4
8.6
0
0
0
0
5
0.5
0.3
5.2
0
0.3
0
10.3
0
0
0
0
0
0
0
0
0
0
0
0
0
0
0
10.2
0
0
4.7
0
0
0
0.5
0
0
0.2
0
0
0
0
0
0
0
0
0
3.6
0
11.2
55.9
3.3
22.8
0
14.8
16.8
0.3
2.7
5.9
14.8
1.2
0.3
0
0.7
0.5
3.5
0
30.1
0.5
0
0
0
45.3
0
16.5
0
0
3.5
0
0
0
96.7
40.4
33.6
0
0
0
0
0
33.1
3.1
3.3
0.2
40.9
3.5
57.9
94
0
0
0.3
4.4
0.8
4
0
0
12.2
0
0
14.2
9.2
9.8
15.1
7.8
25.7
1.6
0
0
0
0.2
0
25.7
0.3
0
0
0
4.6
16.7
7.4
0
0
0
66
0
1
22.9
19.2
3
3
23.9
0
6.2
0
0
69.8
23.5
0
12.4
40.3
3
82.1
10.8
1.6
0.6
41.8
15.5
26.3
0.6
0
60.3
64.7
0
0
0
3.7
0
0.6
0.6
6.2
62.9
0.4
0
48.9
0
14.5
1.2
4.4
3
0.4
0.4
0
0
9.5
0
0
0
0
0
0
0
0
0
0
0
0
0
0
0
0
0
0
0
0
0
0
0
0
0
0
0
0
0
1.6
0
0
0
0
0
0
0
0
0
0
0
0
0
0
0
0
0
0
0
0
0
0
0
0
0
0
0
0
0
0
7.7
0
0
0
0
0
0
0
0
0
0
0
0
0
0
0
0.3
0
0
0
0
0
0
0
4
4.7
0.3
0
0
0
0
0
0
0
0
0
0
0
0
0
0
0
0
0
0
0
0
0
0
0
0
0
0
0
0
0
0
0
0
0
0
0
0
0
0
0
0
0
0
0
0
0
0
0
0
0
0
0
0
0
0
0
0
0
0.1
0
0
0
0
0
0
0
0
0
0
0
0
0
0
0
0.6
0
0
0
0
0
0
0
0
0
0
0
0.8
0
0
0
0
0
9.5
0.9
0.1
0
0
0
0.1
0
2.2
0
0
0
0
0
0
0
0
0
0
0
0
0
0
18
0
0.4
3.9
1.2
0
1
2
0.3
1
0.2
3.7
0
0
0
0
0
0
0
0
0
0
0
0
0
0
0
22.4
0
0
0
0
6.6
0
0
0
0
2.5
0
0
0
0
7.4
2.5
0
7.4
30.2
0
0
0
7.1
6.6
0
0
0
0
0
21.3
11.2
45.2
4.3
0
4.3
3.8
12.2
6.4
0
0
0
3.8
3
23.9
10.4
4.8
15.2
0
0
0
0
0
0
18
0
0
0
0
60.7
8.4
15.2
0
2
0
0
0
0
0
40.6
11.4
63.5
19.1
39.9
44.5
91.4
30
11.2
0
0
0
2.3
0
7.1
0
0
0
0
0
0
0
0
30
6.6
12.7
17.8
0
0
7.6
0
38.9
4.1
11.4
0
0
0
0
25.4
3.8
0
1
38.9
0
29.2
18.5
5.8
37.6
23.9
5.1
16.5
3.8
66.5
2.8
3.3
0
0
0
4.3
0
0
0
0
0
0
0
0
0
0
0
2.5
0
0
0
0
0
0
0
0
0
0
0
0
0
0
0
0
2
2.5
15
1.8
1
0
0
0
0
0
1.4
0
0
0
0
20.4
0
0
0
0
0
0
0
0
0
0
0
0
0
0
0
0
0
0
0
0
0
0
0
0
0
0
0
0
0
0
0
0
0
0
0
0
0
0
0
0
0
0
0
0
0
0
0
0
0
0
0
0
0
0
0
0
0
0
0
0
0
0
0
0
0
0
0
0
0
0
0
0
0
0
0
0
0
0
0
0
0
0
0
0
0
0
0
0
0
0
0
0
0
0
0
0
0
0
0
0
0
0
0
0
0
0
0
0
0
0
0
0
0
0
0
0
0
0
0
0
0
0
0
0
0
0
0
0
0
0
0
0
0
0
0
0
0
0
0
0.3
0
0
0
0
0
0
0
0
0
0
0
0
1.8
0
0
0
0
0
0
0
0
0
0
6.9
7.4
0
0
0
0
0
0
15.2
0
3
0
0
0
0
0
0
0
0.8
0
0
0
0
0
0
1.8
10.4
0
0
0
0
0
0
5.1
0
14
0
10.7
0
0
0
3.3
0
0
0
0
28.2
0
0
0
15.2
0
9.4
1
9.7
2
1
66
17.5
0
26.2
2.3
14
0
0
0
0
7.4
0
20.8
0
12.2
5.8
14.7
6.4
0.8
40.6
3.6
4.1
36.3
1.8
0
20.8
16
14.5
15
14.5
0
0
0
2
10.9
8.9
0
7.4
4.3
0
38.9
122.7
11.2
49.8
0.5
23.4
0
0
0
0
0.5
0
0
0
0
2.5
7.4
0
0
0
0
0
0
2
0
12.7
0
2
2.8
19.8
14
11.9
7.4
7.4
23.9
0
0
11.2
0
3.3
0
23.9
7.4
5.8
25.4
11.2
5.3
0
6.1
6.9
6.1
0
0
5.1
6.1
2.5
0
55.1
0
0
28.4
0
0
0
0
0.3
0
15.2
0
18.5
16.5
0
0
0
15.2
0
0.3
0
0
0
0
0.8
0
0
0
0
0
4.3
0
0
0
0
0
0
0
0
0
0
0
0
0
0
21.6
0
0
0
0
0
0
0
0
0
0
0
14.5
0
0
0
0
0
0
0
0
0
0
0
0
0
0
0
0
0
0
0
0
0
0
0
0
0
0
0
0
0
0
0
0
0
0
0
0
0
0
0
0
0
0
0
0
0
0
0
0
0
0
0
0
0
0
0
0
0
0
0
0
0
0
0
0
0
0
0
0
0
0
0
0
0
0
0
0
0
0
0
0
0
0
0
0
0
0
0
0
0
0
0
0
0
0
0
0
0
0
0
0
0
0
0
0
0
0
0
0
0
0
0
0
0
0
0
0
0
0
0
0
0
0
0
0
0
0
0
0
0
0
0
0
0
0
0
0
0
0
0
0
0
0
0
0
0
0
0
0
20.3
0
0
0
0
0
0
0
0
0
0
0
0.3
0
0
0
0
0
4.6
14.5
6.9
0
0
0
0
0
0
0
0
0
0
0
0
0
0
0
24.6
19.3
0
0
0
0
0
20.8
0
0
0
0
0
3.6
0
5.6
0
0
40.9
0
0
0
0
3
0
12.7
42.9
5.8
2.5
0
0.5
0.3
0
0
0
0.3
0
3.3
9.9
24.9
0
35.1
51.8
51.1
19.1
12.2
0
0
0
0.3
2
0
0.5
0
0.8
0
0.3
3
0
0
0.3
56.9
4.1
3.3
0
15.5
0
0
0
0
0
5.8
0
0
9.4
0
0
0
0
7.4
0
0.5
32.5
4.1
0
13.2
0
32.8
2.8
16
43.4
7.1
84.1
2.8
6.1
18.3
54.4
13
29.7
7.1
0
0
0
15.7
0
21.3
26.7
0
0
7.9
0
0
0
0
0
0
0
19.6
7.4
0
0
2.5
25.7
4.6
8.6
0
0
0
0
0
0
0
0
0
0
2.3
0
0
0.3
18.3
0
0
0
0
0
0
0
2.3
0
0
0
0
0
0
0
0
0
0
0
0
0
0
0
0
0
0
0
0
0
0.5
1.3
0
0
0
0
0
0
0
0
0
0
0
0
0.5
0
0
0
0
0
0
0
0
0
0
0
0
0
0
0
0
0
0
0
0
0
0
0
0
0
0
0
0
0
0
0
0
0
0
0
0
0
0
0
0
0.3
0
0
0
0
0
0
0
0
0
0
0
0
0
0
6.6
0
0
0
0
0
0
0
0
0
0
0
0
0
0
0
0
0
0
0
0
0
0
0
0
0
0
0
0
0
0
0
0
0
0
0
0
0
0
0
0
0
0
0
0
0
0
0
0
0
0.5
0
0
0
0
0
0
0
0
0
0
0
0
0
0
0
0
0
0
0
0.3
0
0
0
0
0
0
7.9
0
0
0.3
38.9
0
0
0
0
0
0
0
0
0
0
0
0
0
0
4.6
0
0
0
0.5
8.9
0
0
0
0
0
0
0
0
2
0
0
1
0
0
5.3
1.3
3.6
2.3
22.9
1.3
0
13.7
8.4
0
0
0
0
0
0
0.3
2.3
0
11.9
1.3
0
0
2.3
64
2.8
56.4
0
6.6
8.4
6.1
5.1
38.6
12.4
0
0
0
0
0
2.3
0
0
3.6
0
9.4
1
17.8
0.8
11.7
0
0
0
0
0
0
0
0
0
4.8
0
0
14
0
26.7
29.7
22.9
7.6
17
0
31
0
14.2
0.8
0
2.3
0.3
5.3
14.2
15.2
43.7
31.8
1.5
0
1.8
71.4
21.6
15.5
13.5
2.5
0.3
2.3
15.5
35.1
19.8
50.3
42.7
111.3
33.3
7.4
1
12.4
2.3
5.6
0
0
8.4
2.3
15
0
0
3.6
0
0
27.4
6.4
4.3
0
10.4
10.7
0.3
0.3
0.8
0
0.5
1
9.7
15.2
9.1
2.5
0
0
0
13.7
13.2
0
0
0.5
29.7
18
5.1
10.7
48.5
10.9
18.8
17.8
29.5
1.5
0
52.1
0
17
36.8
71.4
301
45.7
20.8
24.1
41.9
20.1
30.7
19.6
20.1
0
0
0
0
0
0
0
0
0
0
0
0
0
0
0
0
0
0
0
0
0
0
0
0
0
0
0
0
0
0
0
0
0
0
0
0
0
0
0.3
0
0
0
0
0
0
0
0
0
0
0
0
0
0
0
0
0
0
0
0
0
0
0
0
0
0
0
0
0
0
0
0
0
0
0
0
0.5
0
0
0
0
0
0
0
0
0
0
0
0
0
0
0
0
0
0
0
0
0
0
0
0
0
0
0
0
0
0
0
0
0
0
0
0
0
0
0
0
0
0
0
0
0
0
0
0
0
0
0
0
0
0
0
0
0
0
0
0
0
0
0
0
0
0
0
0
0
1.5
0
0
0
0
0
0
0
0
0
0
0
0
0
0
0
0
0
0
0
0
0
0
0
0
0
0
0
0
0
0
0
0
0
0
0
0
0
0
0
0
0
0
0
5.6
0
0
0
0
0
0
0
0
0
0
0
0
0
0
0.5
0
0
0
0
0
0
0.3
0
0
0.3
0
0
37.3
22.6
0
0
0
0
0
0
0
0
0
0
0
4.8
0
0
0
15.5
0
0
9.7
0
0
0
0
0
4.6
0
46.5
0
1.3
0.5
0
8.4
0
1
0.5
0
14.5
5.6
1.8
0
0.3
4.8
0
3.3
2.3
26.7
32
16.5
9.1
47.2
123.2
4.1
9.9
4.3
0
21.6
0.8
4.6
0
0
1.3
21.6
1.5
0
0.3
0
0
1.5
0
0.3
0
0.5
2.3
0
20.1
12.7
2.8
53.1
0
18
47
0
0
0
0
1.3
0
0
0
0
0
0
1.5
0
0
3.3
41.4
0
0
0
14.7
0
4.6
0.8
0
2.8
4.6
8.1
0
0
0.8
4.8
6.6
12.7
25.1
22.4
13
48.3
8.1
0.8
0
22.4
7.6
0
0
0
0
0
0
0
0
0
0
0
0
3.8
0
0
0.5
0
19.1
4.1
0
0
0
0
0
0
0
0
3
3.6
0
4.1
8.1
25.1
0
0
1.8
2
16
0
7.1
0
0
0
0
3.6
10.2
2
0.3
0
0
0
0
0
0
0
0
0
0
0
0
0
0
0
0
0
0
0
0
0
0
0
0
0
0
0
0
0
0
0
0
0
0
0
0
0
0
0
0
0
0
0
0
0
0
0
0
0
0
0
0
0
0
0
0
0
0
0
0
0
0
0
0
0
0
0
0
0
0
0
0
0
0
0
0
0
0
0
0
0
0
0
0
0
0
0
0
0
0
0
0
0
0
0
0
0
0
0
0
0
0
0
0
0
0
0
0
0
0
0
0
0
0
0
0
0
0
0
0
0
0
0
0
0
0
0
0
0
0
0
0
0
0
0
0
0
0
0
0
0
0
0
0
0
0
0
0
0
0
0
0
0
0
0
0
0
0
0
0
0
0
0
0
0
0
0
0
0
0
0
0
0
0
0
0
0
0
0
0
0
0
0
0
0
0
0
0
0
0
0
0
0
0
6.4
0.3
2.3
32.5
3.8
3.6
2.3
43.2
2
0
3
0
0
0
0
4.6
1
0
1.5
3.8
0
10.7
13
2.3
9.9
2.5
1.8
0
3
0
2
0
0
16.3
5.6
37.8
18.8
14
4.1
0
9.4
4.1
6.4
0
4.6
0
2.3
11.4
0
4.6
0
5.6
3.8
21.6
40.1
0
11.4
0.3
0.3
0.8
1.5
23.9
0.5
0.3
3.6
29.5
1
2.5
1.3
6.6
7.4
0.8
0
2.3
0
17.3
10.2
13.2
0
0
0
0
0
21.1
0
10.4
11.2
0
30.7
51.3
1.3
1.5
6.9
0
1
14.7
18.3
1.3
0.3
0.8
0
0
0
8.1
0
0.3
0.3
0
0
0
0
0
0
4.6
11.9
9.9
3.6
2.5
6.1
25.7
0
14.5
1.8
11.9
10.7
2.8
8.6
1.5
0
0
0
0
0.3
2.5
0
0.5
0
0
0.8
3
4.6
0
0
0
0
0
0
0
0
0
0
0
0
0
0
0
0
0.5
0
0
0
0
0
0
0.8
0
0
0
0
0
0
0
0
1
19.1
0
0
0
0
0
0
0
0
0
0
0.8
0
0
0
0
0
0
0
0
0
0
0
0
0
0
0
0
3
0
0
0
0
0
0
0
0
0
0
0
0
0
0
0
0
0
0
0
0
0
0
0
0
0
0
0
0
0
0
0
0
0
0
0
0
0
0
0
0
0
0
0
0
0
0
0
0
0
0
0
0
0
0
0
0
0
0
0
0
0
0
0
0
0
0
0
0
0
0
0
0
0
0
0
0
0
0
0
0
0
0
0
0
0.3
0
0
0
0
0
0
0
0
0
0
0
0
0
0
0
0
0
0
0
0
0
0
0
0
0
0
0
0
0
0
1.8
0
0
0
0
3.3
0
0
0.8
48.5
1.5
0
0
0
0.8
0
0
0
0
0
0
11.2
0
0
0.5
0.3
2.5
0
12.4
4.3
2.8
0
0
0
0
0.5
0
0
0
0
0
0.8
0
0
8.4
24.4
29.7
0.8
10.7
24.4
3.6
46.7
0
0
0
0
0
0
23.6
0
45.7
12.2
0.8
0
3.8
0
0
21.3
0
0
20.3
3
0
0
29.2
0
22.1
0
10.4
0
0
0
30.5
0
0
1.3
0
0
0
0
0
0
0
0
0
2.3
0
0
4.6
1.3
1
0
58.4
0
7.1
48.3
8.4
20.1
0
0
4.6
0
6.4
0
0
3.8
11.2
0
6.1
0
0
3
67.3
12.7
51.8
50.8
11.9
4.1
0
2
30
2.8
9.1
35.3
0
0
0
57.2
4.1
0
42.7
0
21.1
72.9
0.3
0
0.3
0
46.7
0
7.4
59.2
24.1
2.5
10.4
4.8
1.8
1.3
0
0.8
4.6
44.7
86.4
9.9
17.3
52.6
15
51.6
13.7
4.6
0.3
5.3
2.3
0.3
0
0.5
0
0
14.7
0
0
0
0
0
0
0
0
0
0
0
4.8
5.1
15.2
0
0
0
0
0
0
0
0
0
0
0
0
0
0
0
0
0
0
0
0
0
0
3.6
0
0
0
0
0
0
0
0
0
0
0
0
0
0
0
0
0
0
0
0
0
0
0
0
0
0
0
0
0
0
0
0
0
0
0
0
0
0
0
0
0
0
0
0
0
0
0
0
0
0
0
0
0
0
0
0
0
0
0
0
0
0
0
0
0
0
0
0
0
0
0
0
0
0
0
0
0
0
0
0
0
0
0
0
0
0
0
0
0
0
0
0
0
0
0
0
0
0
0
0
0
0
0
0
0
0
0
0
0
0
0
0
0
0
0
0
0
0
0
0
0
0
0
0
0
0
0
0
0
47
0
0
0
0
0
0
0
0
0
0
0
0
0
0
0
0
0
0
0
0
0
0
0
0
0
0
0
0
0
0
0
0
0
0
0
0
0
0
0
0
0
1.8
0
0.3
0
0
0
17.3
0.8
6.6
0
0
0
17.3
2.3
0
0
0
0
0
0
0
0
2.8
0
0
0
0
0
0
0
5.1
0
0
0
0
0
0
8.6
0
0
0
0
1.3
0
0
44.7
12.4
5.3
1.8
0.8
67.3
1.5
22.1
0
0.8
57.2
0.8
13.5
20.8
43.2
0
17.3
1.3
15.5
0.8
0.3
0
0.8
0
57.7
0
48.3
111.3
44.2
13
0
13.2
38.4
1.3
0
0.8
0
0.5
0
0
0
0
0
0
0
28.2
3.8
0
0
0
16
14.7
23.1
0
32.3
22.6
3.3
3.8
13.2
1.3
0
10.9
1
8.6
11.4
6.1
6.4
9.1
1.3
21.6
6.1
0
1.3
78.2
77.5
7.4
3.8
14.5
33.5
24.1
0
0
0
1.8
15.2
18.8
14
12.7
14.2
0.8
106.9
8.9
5.3
2
5.6
5.1
36.3
0.8
0
0
0
12.7
0
1.3
21.3
20.1
6.1
0
94.2
25.9
12.2
0
0.8
1.5
0
0
0
0
0
0
13.2
0
0
0
0
0.8
0
0
0
0
0
0
0
0
0
0
0
0
0
0
0
0
0
0
1
0
0
0
0
0
0
0
0
0
1.3
0
0
0
0
0
0
0
0
0
0
0
0
0
0
0
0
0
0
0
0
0
0
0
0
0
0
0
0
0
0
0
0
0
0
0
0
0
0
0
0
0
0
0
0
0
0
0
0
0
0
0
0
0
0
0
0
0
0
0
0
0
0
0
0
0
0
0
0
0
0
0
0
0
0
0
0
0
0
0
0
0
0
0
0
0
0
0
0
0
0
0
0
0
0
0
0
0
0
0
0
0
0
0
0
0.3
0
0
0
0
0
0
0
0
0
0
0
0
0
0
0
0
0
0
0
0
0
0
0
0
0
0
0
0
0
0
0
0
0
0
0
0
0
0
0
0
0
0
0
0
0
0
0
0
0
1
0
0
0
0
5.1
0
0
0
11.2
0
0
0
0
0
11.7
1.8
0
0
0
0
0
0
0
24.1
0
0
0
0
21.8
0
24.4
0
0
0
1
12.2
0
0
0
0
0
0
0
0
0
0
4.3
30
0
13.5
34
39.4
9.4
0
4.8
0
0
1.5
0
0.3
0
0
0
0.5
0
0
16.3
3.6
205.7
214.6
4.1
0.5
2.8
3.8
0
40.1
0
0
0
0
0
0
0.3
0.3
14.2
2.5
5.8
1
1.5
2
0.3
1.5
0
0
13.7
8.1
0
0
0
0
0
0
0
0.3
1.3
0
3.3
0.5
1
0
0
0.3
7.6
6.4
7.1
12.4
29.7
132.3
28.7
20.1
27.9
20.1
0.5
54.4
0
14
8.6
1.3
14.2
12.2
41.7
17.8
0
33
14.5
0.5
5.8
1.3
18.8
0
1.5
2
26.2
1.5
0.3
0
0
0
0
0
0
0.8
4.3
2
2.5
0
32.5
0
0
0
0
0
0
0
0
0
0
0
0
0
1
16
0
0
0
0
0
0
0
0
1.3
0
0
0
2
6.1
2.5
0
0
0
0
0
0
0
0
0
0
0
0
0
0
0
0
0
0
0
0
0
0
0
0
0
0
0
0
0
0
0
0
0
0
0
0
0
0
0
0
0
0
0
0
0
0
0
0
0
0
0
0
0
0
0
0
0
0
0
0
0
0
0
0
0
0
0
0
0
0
0
0
0
0
0
0
0
0
0
0
0
0
0
0
0
0
0
0
0
0
0
0
0
0
0
0
0
0
0
0
0
0
0
0
0
0
0
0
0
0
0
0
0
0
0
0
0
0
0
0
0
0
0
0.3
0
0
0
0
0
0
0
0
0
0
0
0
0
0
0
0
0
0
0
0.3
0
0
0
0
0
0
0.5
0
0
0
0
0.8
0
0
0
0
0
0
0
0
0
0
0
0
0
5.8
17
16
0
2.8
0
0
0
0
0
0
0
0
1.8
0
0
0
0
1.8
12.4
0
0
0.5
1.8
1.5
1.5
0
0
0
0.5
0
0
0
0
0
11.4
0
0
0
25.4
17.3
0
0
0
0
0
1.5
6.6
42.7
0.3
13.5
10.2
0.3
3
0
0.8
7.4
0
18.5
1.3
1
0.8
1
25.1
0.5
0
27.9
0
0
0
5.8
0
0
0
21.1
12.2
7.1
21.1
17.5
0
0
0
0
0
0
18.5
0
18.3
0
0
0.3
3.8
0
1.3
1.8
0
0
9.4
1.5
7.4
19.6
33.8
112
10.7
6.6
0
21.3
9.7
5.8
4.3
49.8
0
8.4
4.3
0
0
0
0
0.3
0
0
0
0
0
0
0
0
4.3
3
0
0
0
0
0
0
5.6
3
0
14
1.3
0
2.3
2.3
0
0
0.5
10.2
5.6
0
0
0
0
0
14.5
0
1.3
2.5
0
30.2
0
1.5
1.8
0
25.7
7.9
7.4
27.4
4.6
0
0
50.8
35.8
6.1
2.8
33.8
0
1.5
9.1
0
0
0.3
0
0
0
0
0
0
0
0
0
0
0
0
0
0
0
0
0
0
0
0
0
0
0.3
0
0.3
0
0
9.7
0
0
0
0
0
0
0
0
1
0
0
0.5
0
0
0
0
0
0
0
0
0
0
0
0
0
0
0
0
0
0
0
0
0
0
0
0
0
0
0
0
0
0
0
0
0
1.8
0
0
0
0
0
0.5
0
0
0
0
0
0
0
0
0
0
0
0
0
0
0
0
0
0
0
0
0
0
0
0
0
0
0
0
0
0
0
0
0
0
0
0
0
0
0
0
0
0
0
0
0
0
0
0
0
0
0
0
0
0
0
0
0
0
0
0
0
0
0
0
0
0
0
0
0
0
0
0
0
0
0
0
0
0
0
0
0
0
0
0
0
0
0
0
0
3.6
3
5.6
0
0
0
0
0
0
0
0.3
0
0
0
0
0
0
0
0
0
0
0
0
0
0
0
0
0
0
0
0
0.5
0
8.9
0
0
0
0
0.3
0
0
0
0
0
9.1
0
0.5
5.6
0
3.3
0
2.5
18.5
0
18
0
0
0
0
0
0
0
0
0
0
0
0
0
0.8
0
0
32.8
0
18.3
32.8
2.5
0
2.5
0
0
0
0
0.8
2.3
0.3
0
0
0
18.5
0.3
7.4
0
3.8
0
0
8.9
20.1
0
0
0
0
0
0
0
0
0
0
0
0
0
36.6
15.5
0.3
0.8
23.9
52.8
14
0.8
0
0
2.8
0
1.3
22.1
5.3
10.7
5.3
57.7
200.9
106.7
16.3
0.3
0
0.8
7.9
19.8
7.4
0.8
0
0
0
0
0
17
0
0
0
0
0
1.8
0
0
19.6
0
6.4
0
9.1
6.6
17.3
39.9
0
0.5
0
43.9
12.4
1.3
25.9
0
0.8
5.6
5.3
4.8
0
2.5
0.3
49.5
11.9
6.1
0.5
20.8
3.3
18.3
0
0
0
0
0
0
5.1
0
4.3
0
0.3
0.5
0
7.4
0
0
0
0.3
0
0
0
0
0
0
8.6
0
0
0
0
0
0
0
0
0
0.8
0
0
3.3
0
0
0
0.3
0
0
0
0
0
0
0
0
0
0
2.8
0
0
0.3
0
0
0
0
0
0
0
0
0
0
0
0
0
0
0
0
0
0
0
0.8
0
0
0
0
0
0
0
0.3
30.2
0
0
0
0
0
0
0
0
0
0
0
0
0
0
0
0
0
0
0
0
0
0
0
0
0
0
0
0
0
0
0
0
0
0
0
0
0
0
0
0
0
0
0
0
0
0
0
0
0
0
0
0
0
0
0
0
0
0
0
0
0
0
0
0
0
0
0
0
0
0
0
0
0
0
0
0
0
0
0
0
0
0
0
0
0
0
0
0
0
0
0
0
0
0
0
0
0
0
0
0
0
0
0
0
0
0
0
0
0
0
0
0
0
0
0
0
0
0
0
0
0
0
6.1
0
0.3
0
0
0
0
0
0
0
0
0
0
0
29.2
11.2
0
0.5
5.6
11.4
0
0
0
0
4.6
0
34
3
0
0
0
0
0
45.2
0
47.2
0
0
9.7
7.6
0
30
74.2
2
0
5.6
17.8
31.2
0
0
0
0
0
0
15.5
0
0
0
0
45.5
74.7
0
15
23.1
0
1.3
1.3
30.5
68.1
0
7.6
26.2
2.3
4.6
5.1
0
2.3
0
7.6
0
10.7
0
2
0
0
0.3
0
6.1
1.8
1
0
0
1
5.8
0
0.8
22.4
0
0
0
5.3
1.8
25.9
15.5
20.3
24.1
123.2
7.4
8.9
5.6
18.3
6.1
49.5
8.6
0.8
2
0.8
7.4
5.3
0
4.6
14
5.1
36.8
0
0.3
12.4
32
30.5
47.5
3.6
16.3
26.9
0
0
1
3.8
17
0.8
0
12.7
0.3
104.1
0.5
6.6
2
28.4
15.7
0
8.4
45.5
9.4
8.9
19.1
0
0
0
1.3
0
19.1
9.4
2
7.1
5.6
0.3
0
18
0
0
0
8.9
0
0
0
0
0
16.5
0
0
0
7.4
0
0
0
0
0
0
0
0
0
0
8.4
3
0
0
0
0
0.3
0
0
0
0
2.5
0
0
0
0.5
0
0
0
0
0
0.3
0.3
0
0
0
0
0
0
0
0
0
0
0
0
0
0
0
0.3
0
0
0
0
0
0
0
0
0
0
0
0
0
0
0
0
0
0
0
0
0
0
0
0
0
0
0
0
0
0
0
0
0
0
0
0
0
0
0
0
0
0
0
0
0
0
0
0
0
0
0
0
0
0
0
0
0
0
0
0
0
0
0
0
0
0
0
0
0
0
0
0
0
0
0
0
0
0
0
0
0
0
0
0
0
0
0
0
0
0
0
0
0
0
0
0
0
0
0
0
0
0
0
0.3
0
0.5
0
27.7
0
0
0
0
0
1.5
0
0
0
0
0
0
0
0
0
0
0
0
0
0
0
0
0
0
0
0
0
0
63.2
0
0
0
0
0
0
0
0
0
0
0
0
0
0
0
0.3
0.8
0
7.4
0.3
0.5
0
45.7
0
1.8
0
0
0
0
0.3
20.8
8.4
54.6
0
0
22.4
0
0
0.3
29.2
0
0
0
0.8
6.9
0
49.5
0
1.8
0
0.8
0
7.6
3.3
18.5
0
6.1
3.8
0.3
37.6
7.9
7.4
18
18.8
57.4
16.3
22.1
10.4
0
0
1.3
26.2
8.9
9.4
23.6
11.7
0
0
21.1
0
5.6
2.5
11.4
0
27.4
10.2
49.8
0
11.2
0
0
0
0
2
0
7.9
44.2
6.9
0
11.2
29.2
8.1
18
57.4
156.2
0
0
5.3
0
6.4
19.8
0
45.7
0
19.3
3.8
3.6
2
38.4
5.1
0.8
5.6
7.9
0
0
32.8
0
3.3
4.8
14.2
1.8
0.3
61
14
5.3
7.9
0
0.5
2.5
20.8
0
0
0
13.2
2.5
11.2
0
0
3.6
0
0
65
0
13.7
0
0
0
45
0
9.9
0
0
0
13.7
0
6.9
0
0
2.3
4.3
0
0
0
21.3
0
0
0
0
0
0
0
0
0
0
0
0
0
0
0
0
0
0
0
0
0
0
0
0
0
0
0
0
0
0
0
0
0
0
0
0
0
0
0
0
0
0
0
0
0
0
0
0
0
0
0
0
0
0
0
0
0
0
0
0
0
0
0
0
0
0
0
0
0
0
0
0
0
0
0
0.8
0
0
0
0
0
0
0
0
0
0
0
0
0
0
0
0
0
0
3.8
0
0
0
0
0
0
0
0
0
0
0
0
0
0
0
0
0
0
0
0
0
0
0
0
0
0
0
0
0
0
0
0
0
0
0
0
0
0
0
0
0
0
0
0
0
0
0
0
0
0
0
0
0
0
0
0
0
0
0
0
0
0
0
0
0
0
0
0
0
0
0
0
0
0
0
0
0
0.3
0
0
0
0
0.3
0
0
0.5
0
0.3
2.8
1.5
0
0
0
0
0
4.1
0
44.7
2.5
0
0
0
0
7.4
0
0
0
6.9
0.5
0
0
0
0
0.3
0
0
0
0
3
0
0
9.7
19.6
0
0
0.8
0.5
0
7.9
0
0
0
1
0
0
0
0
1.3
0.5
0
11.2
0
1.3
0
0
0
0
0
0
0
0
0
0.3
0
0
0
0
0.3
5.8
0
0
1.5
0
2.8
0
0.3
1.8
0
1
0
10.7
16.5
0
0.8
0
0
17.8
64.5
49.5
52.8
163.6
19.8
12.4
106.2
0
0
0
24.9
11.4
2.3
9.9
0
8.9
0
23.1
23.4
0
0
0
0
0
9.1
0
0
16
15.7
45.5
0
29
16.5
30.7
8.9
9.7
0
0
0
3.6
1.8
0
0
0.3
0
26.7
0
0
6.4
11.7
3.3
8.1
55.4
18.3
21.8
1.5
6.4
2
32.3
113
0
0
0.5
3.8
1
0
4.1
1.8
12.7
2
24.1
62
27.4
23.4
6.9
0.3
0
7.4
0
0
39.1
12.2
25.9
0
0
0
0.3
0
0
0
0
0.5
29
0
0
0
0
0
0
0
0
0
0
0
0
0
0
0
0
0
0
0
0
0
0
0
0
0
0
0
0
0
0
0
0
0
0
0
0
0
0
0
0
0
0
0
0
0
0
0
0
0
0
0
0
0
0
0
0
0
0
0
0
0
0
0
0
0
0
0
0
0
0
0
0
0
0
0
0
1.5
0.8
0
0
0
0
0
0
0
0
0
0
0
0
0
0
0
0
0
0
0
0
0
0
0
0
0
0
0
0
0
0
0
0
0
0
0
0
0
0
0
0
0
0
0
0
0
0
0
0
0
0
0
0
0
0
0
0
0
0.3
0
0
0
0
0
0
0
0
0
0
0
0
0
0
0
0
0
0
0
0
0
0
0
0
0
0
0
0
0
0
0
0
0
0
0
0
0
0
0
0
0
0
0
0
0
1.3
0
10.4
0
0
0
4.3
1.5
0
0
0
0.3
0
0
2
0
3.8
0
11.7
0
0
0
0
0
0
12.4
25.4
17.5
0
2.3
0.3
26.7
0
0
0
0
15
0
0
0
0
1.5
0
21.6
0
0
1.8
0
8.4
0
39.4
0
0.3
0
3.8
21.6
8.9
0
0
2
0
0
1.5
6.4
2.8
0
0
0
7.9
0
0
0
9.9
0
0
0
2.8
0
0
0
6.1
0
0
0
22.9
3.8
18.3
29.2
84.6
100.3
17
29.7
6.9
6.4
0.3
0
9.7
0.5
0
2.3
0
2
0
0.3
23.6
42.4
0
0
0
0
0
1.8
14.7
0
0
55.4
0
57.9
21.1
0
6.9
0
0
0
9.4
0
0
14
2.8
0
0.8
0.5
0
0
0
9.9
89.4
22.9
0
17
41.9
23.9
2.3
2.3
7.9
34
7.6
1.5
3.6
4.6
0
0
0
0
0
0
0
3.8
0
0
0
0
0
0.5
0
0
23.1
54.1
0.5
0
0
0
0
0
11.2
3
0
2.3
22.9
0.3
0
0
0
0
0
1.8
0
0
0
0.3
2.8
0
0
0
0
0
0
0
0
1.3
0
0
0
0
0
0
0
0
0
0
0.5
0.8
0
0
0
0
0
0
0
0
0
0
0
0
0
0
0.8
0
0
0.3
0
0
0
0
0
0
0
0
0
0
0
0
0
0
0
0
0
0
0
0
0
0
0
0
0
0
0
0
0
0
0
0
0
0
0
0
0
0
0.3
0
0
0
0
0
0
0
0
0
0
0
0
0
0
0
0
0
0
0
0
0
0
0
0
0
0
0
0
0
0
0
0
0
0
0
0
0
0
0
0
0
0
0
0
0
0
0
0
0
0
0
0
0
0
0
0
0
0
0
0
0
0
0
0
0
0
0
0
0
0
0
0
0
0
0
0
0
0
0
0
0
0
0
0
0
0
0
0
0
0
0
0
0
0
0
0
0
0
0
0
0
0
0
0
0
0
0
0
0
0
17.8
0
3.6
0
0
0
0
0
0
0
0
1.8
0
15.7
0.5
10.4
0
0.3
0.8
0
7.6
0.3
0
7.4
0
0
0
0
0
10.4
0.5
0
0
0
21.3
0
0
0
0
46
0.3
0.8
1.8
0.3
0
0
0
0
0
4.3
23.1
1.3
0
0
0
0
0.8
0.3
26.7
30.5
4.8
29.7
0.8
0.3
0.3
0
14.7
0
0
25.1
1.3
20.1
23.4
20.1
0.3
42.4
1
2.8
0.3
0
4.6
6.1
0
0.5
2.8
0.3
3.8
0
56.1
13.5
0.8
0
0
9.1
16
27.4
0
17.8
30
22.9
4.1
10.4
4.6
1.5
34
0
12.2
0
1.5
0
0
0
0
1.3
6.4
0
0.5
0
0
5.6
0
0.3
0
3.8
8.4
2
1.8
27.7
0.3
1.3
5.6
5.3
4.3
7.6
25.4
79.2
127.3
101.6
7.6
14.5
11.9
0
0
0
0
0
0
3.3
1.5
0.3
0
36.6
14.7
42.9
4.8
0
0
0
9.1
0
0.3
1.8
0
8.1
3.8
18
0
0
0
0
0
0
0
0
0.3
0
0
0
0
0
0
0
0
0
0
0
0
0
0
0
0
0
0
0
0
0
0
3.6
0
0
0
0
0
0
0
0
0
0
0
0.3
0
0
0
0
0
0
0
0
0
0
0
0
0
0
0
0
0
0
0
0
0
0
0
0
0
33
0
0
0
0
0
0
0
0
0
0
0
0
0
0
0
0
0
0
0
0
0
0
0
0
0
0
0
0
0
0
0
0
0
0
0
0
0
0
0
0
0
0
0
0
0
0
0
0
0
0
0
0
0
0
0
0
0
0
0
0
0
0
0
0
0
0
0
0
0
0
0
0
0
0
0
0
0
0
0
0
0
0
0
0
0
0
0
0
0
0
0
0
0
9.4
0
0
0
0
0
0
0
0
0
0
0
0
0
0
15.2
0
0
0
0
0
0
17
0
0
0
0
0
0
0
0
0
0
0
0
0
0
0
0
0
0
0
0
0
0
0
0
0
0
0
0
0
0
0
0
0
0
0
0
0
0
2.3
0
0
0
0
0
0
0
0
0
0
23.6
0
0
0
0
17.5
0
0
0
0
0
0
0
43.7
0
0
0.5
0
12.2
102.4
0
0
0
0
0
47.5
0
0
0
19.8
0
45.2
0
0
60.2
0
0
45
0
0
14.7
12.2
10.2
0
0
0
0
27.9
10.2
8.4
0
0
0
0
34.8
4.3
0
0
0
11.7
0
0
5.6
0
0
16
0
0
7.4
0
0
0
11.9
10.4
0
46.2
5.8
23.6
249.7
40.6
23.6
2.3
0
0
0
0
0
0
0
0
0
0
0
0
0
0
0
0
0
0
0
0
0
0
0
0
0
0
0
0
0
11.4
0
0
0
0
0
0
0
0
20.6
11.7
0
0
0
0
6.6
0
0
0
0
7.9
0
0
0
0
0
0
0
0
0
0
0
0
0
7.4
0
0
0
0
0
0
0
12.2
0
18.3
0
0
0
0
0
0
0
0
0
0
0
0
0
0
0
0
0
0
0
0
0
0
0
0
0
0
0
0
0
0
0
0
0
0
0
0
0
0
0
0
0
0
0
0
0
0
0
0
0
0
0
0
0
0
0
0
0
6.9
0
0
0
0
0
0
0
0
0
0
0
0
0
0
0
0
0
0
0
0
16.8
15
15.5
0
0
0
0
0
0
0
0
0
0
0
0
0
0
0
0
0
0
0
0
0
0
0
0
0
0
0
0
0
0
0
0
0
0
0
0
0
0
0
0
0
0
0
0
0
0
0
0
0
0
0
0
0
0
0
0
0
0
0
0
0
0
0
0
0
0
0
0
0
0
0
0
0
0
0
0
0
0
0
0
0
0
0
0
0
0
0
0
0
0
0
0
0
0
0
0
0
0
0
0
0
0
0
0
0
0
0
0
6.6
16
16.5
0
3.8
0
0
8.9
10.2
0
2.8
1
15
4.3
1.8
0
6.9
6.6
6.1
13.5
0
0
0
0
0
5.6
0
0
10.9
21.1
8.6
0
0
0
29.7
0
0
0
0
16.3
0
0
0
0
0
0
0
0
0
7.4
0
0
18.5
0
0
0
0
0
0
0
0
19.3
0
30
0
65.3
39.9
15.5
9.1
5.1
0
27.9
0
0
0
8.6
5.6
8.9
28.4
0
5.3
0
0
6.9
0
9.1
0
0
0
12.4
42.7
6.6
7.6
0
4.1
45.2
0
0
0
0
0
0
2.5
14.5
36.3
67.6
0
0
0
15.2
41.9
59.7
19.6
10.2
38.1
50.3
16.5
29.5
0
0
0
0
3.8
4.1
0
76.2
52.3
0
0
0
0
0
0
0
0
0
0
0
29.5
0
8.4
0
0
41.9
0
0
0
0
9.1
0
0
0
6.9
0
0
0
3.3
0
2.8
0
0
0
0
0
0
0
0
0
0
0
0
24.6
62.5
15.5
6.6
0
0
0
0
0
0
0
0
0
0
0
0
0
0
0
0
0
0
0
0
0
0
0
0
0
0
0
0
0
0
0
0
0
0
0
0
0
0
0
0
0
8.1
15.5
0
0
0
0
0
0
0
0
0
0
0
0
0
0
0
0
0
0
0
0
0
0
0
0
0
0
0
0
0
0
0
0
0
5.3
0
0
0
0
0
0
0
0
0
0
0
0
0
0
0
0
0
0
0
0
0
0
0
0
0
0
0
0
0
0
0
0
0
0
0
0
0
0
0
0
0
0
0
0
0
0
0
0
0
0
0
0
0
0
0
0
0
0
0
0
0
0
0
0
0
0
0
0
0
0
0
0
0
0
0
0
0
0
0
0
0
0
0
0
0
0
0
0
0
34.3
0
0
0
0
0
0
0
0
0
0
0
0
0
0
0
0
0
0
0
0
0
0
0
0
0
0
0
0
0
0
11.9
17.5
0
0
0
0
0
0
0
0
0
0.3
48.8
1.8
0
0
0
0
0
0
0
0
0
0
0
0
0
0
0
0
0
0
35.6
0
7.6
0
36.1
0
11.9
0
0
0
0
0
12.2
0
71.1
69.6
48.3
8.6
0
0
20.6
43.9
51.8
77.7
80.8
0
0
3
0.8
1.8
0
3
4.8
3.8
15.5
18.8
1
1.8
0.8
0
0
0
0
0
0
57.4
11.9
23.1
51.3
0
0
0
18
20.8
9.4
0
4.3
3
5.6
2.8
0
0
16
0
14
0
18.5
0
21.3
0
10.9
17.5
27.7
5.6
3.6
5.3
0
15.5
20.8
27.2
18.5
0
0
0
0
23.4
62.5
0
0
0
0
0
0
0
61.2
0
0
0
0
73.7
33.3
90.7
0
0
0
0
0
0
0
0
20.8
0
0
0
9.4
0
0
0
0
0
0
0
0
0
0
0
0
0
0
0
0
0
0
0
0
0
0
0
0
0
0
0
0
0
0
0
0
0
0
0
0
0
0
0
0
0
0
0
0
0
0
0
0
0
0
0
0
0
0
0
0
0
0
0
0
0
0
0
0
0
0
0
0
0
0
0
0
0
0
0
0
0
0
0
0
0
0
0
0
0
0
0
0
0
0
0
0
0
0
0
0
0
0
0
0
0
0
0
0
0
0
0
0
0
0
0
0
0
0
0
0
0
0
0
0
0
0
0
0
0
0
0
0
0
0
0
0
0
0
0
0
0
0
0
0
0
0
0
0
0
0
0
0
0
0
0
0
0
0
0
0
0
0
0
0
0
0
0
0
0
0
0
0
0
0
0
0
0
0
0
0
0
0
0
0
0
0
0
0
0
0
0
0
0
0
0
0
0
0
0
0
0
0
0
0
0
0
0
0
0
0
0
0
0
0
5.8
0
0
4.1
0
0
0
2.3
0
0
0
0
0
0
0
0
0
0
0
0
0
0
0
0
0
0
0
0
56.4
38.6
0
9.9
0
0
0
10.9
0
0
0
0
0
0
0
6.9
0
0
0
0
0
14.2
0
3.3
0.8
0
0
0
12.7
0
0
0
0
0
0
13
11.4
27.4
25.1
0.3
16.3
0
34.5
0
100.1
121.9
0
20.3
0
0
0
0
0
0
0
0
0
0
0
7.6
0
0
37.3
1.5
0
0
20.3
0
0
168.1
0
0
0
0
26.4
0
33
0
0
29
15.7
0
0
11.2
19.6
0
0
0
11.9
0
0
0
20.6
23.4
0
4.3
6.9
0
3.6
0
0
6.6
0
0
16
0
18.8
4.3
20.8
11.2
23.4
16
0
0
0
0
0
10.9
0
9.4
0
35.8
0
0
26.4
0
1.5
0
0
0
0
0
0
0
0
0
0
0
0
0
0
0
0
0
0
0
0
0
0
0
0
0
0
0
0
0
0
0
0
0
0
0
0
0
0
0
0
0
0
0
0
0
0
0
0
0
0
0
0
0
0
0
0
0
0
0
0
0
0
0
0
0
0
0
0
0
0
0
0
0
0
0
0
0
0
0
0
0
0
0
0
0
0
0
0
0
0
0
0
0
0
0
0
0
0
0
0
0
0
0
0
0
0
0
0
0
0
0
0
0
0
0
0
0
0
0
0
0
0
0
0
0
0
0
0
0
0
0
0
0
0
0
0
0
0
0
0
0
0
0
0
0
0
0
0
0
0
0
0
0
0
0
0
0
0
0
0
0
0
0
0
0
0
0
0
0
0
0
0
0
0
0
0
0
0
0
0
0
0
0
0
0
0
0
0
0
0
0
0
0
0
0
0
0
0
0
0
0
0
0
0
0
0
45.2
0
53.6
0
0
0
0
0
0
0
0
0
0
7.4
13.5
0
0
0
0
0
0
13.2
0
0
0
0
0
0
0
0
0
0
0
0
0
0
0
0
0
0
0
0
0
0
6.6
0
0
3
18.3
0
0
0
16
0
0
0
0
0
69.9
0
0
0
0
0
2.5
0
11.4
0
25.4
0
0
0
0
0
0
0
0
0
36.1
18.8
0
1.8
0
0.5
0
0
0
0
15.7
41.1
137.4
49.3
0
0
0
0
0
0
0
0
0
0
17
31.2
6.1
0
0
0
0
0.3
1
1.8
11.7
5.8
0
4.3
0
0
0
0.5
10.9
0
18.3
0
0
6.1
0
0
0
46.2
0
0
81.5
0
0
0
0
0
37.1
0
0
0
0
5.8
0
11.9
0
1.3
0
0
0
0
0
0
0
0
0
0
0
0
0
0
0
0
0
0
0
0
0
0
0
0
0
0
5.8
5.3
117.1
0
0
0
0
1
0
0
0
1.8
0
0
0
0
0
0
0
0
0
0
0
0
0
0
0
0
0
0
0
0
0
0
0
0
0
0
0
0
0
0
0
0
0
0
0
0
0
0
0
0
0
0
0
0
0
0
0
0
0
0
0
0
0
0
0
0
0
0
0
0
0
0
0
0
0
0
0
0
0
0
0
0
0
0
0
0
0
0
0
0
0
0
0
0
0
0
0
0
0
0
0
0
0
0
0
0
0
0
0
0
0
0
0
0
0
0
0
0
0
0
0
0
0
0
0
0
0
0
0
0
0
0
0
0
0
0
0
0
0
0
0
0
0
0
0
0
0
0
0
0
0
0
0
0
0
0
0
16.3
0
0
0
0
0
0
0
19.8
0
0
0
0
0
0
0
0
16.8
0
0
0
0
50
0
0
0
0
0
0
0
0
0
0
0
0
0
0
0
0
0
0
0
0
0
0
0
0
0
0
0
0
42.4
1.8
18.5
0
0
0
0
0
7.9
10.7
0
44.5
0
0
0
43.2
0
0
0
0
0
0
28.4
0
38.1
0
0
77.2
0
18.3
0
0
0
35.3
0
0
50.3
0
0
0
0
13
0
0
11.7
0
0
4.6
1.8
0
0
0
0
0
7.9
127.5
0
0
2.8
1
10.7
0
0
0
0
7.9
0
28.2
37.3
0
0
0
0
0
0.8
0
0.5
0
8.4
6.9
160.5
78
32.3
8.1
6.1
13.2
9.4
0
13.7
8.1
0
2.8
3.6
1.5
60.2
46.2
10.7
89.2
34
2.8
6.1
1.8
25.7
0
10.9
8.9
15.7
25.9
29
0
0
0
0
0
0
0
0
0
0
0
0
0
0
0
0
0
0
0
0
0
0
0
0
0
0
0
0
0
0
0
0
0
0
0
0
0
0
0
0
0
0
0
0
0
0
0
0
0
0
0
0
0
0
0
0
0
0
0
0
0
0
0
0
0
0
0
0
0
0
0
0
0
0
0
0
0
0
0
0
0
0
0
0
0
0
0
0
0
0
0
0
0
0
0
0
0
0
0
0
0
0
0
0
0
0
0
0
0
0
0
0
0
0
0
0
0
0
0
0
0
0
0
0
0
0
0
0
0
0
0
0
0
0
0
0
0
0
0
0
0
0
0
0
0
0
0
0
0
0
0
0
0
0
0
0
0
0
0
0
0
0
0
0
0
0
0
0
0
0
0
0
0
0
0
0
0
0
0
0
0
0
0
0
0
0
0
0
0
0
0
0
0
0
0
0
0
0
0
0
0
0
0
0
0
14.5
0
0
0
16.5
0
0
0
0
0
0
0
17.5
0
0
0
0
0
0
34.8
0
0
0
0
0
0
0
0
0
0
0
0
0
0
0
74.4
0
0
0
0
0
0
0
0
0
0
0
0
0
0
0
0
0
0
0
0
0
0
0
0
0
0
0
20.8
0
67.8
0
0
0
0
0
0
13.7
0
10.7
0
0
0
0
0
0
0
0
0
0
0
0
0
0
0
11.2
75.9
0
0
0
69.6
0
0
0
0
0
0
0
0
76.2
0
74.7
0
0
0
0
0
0
0
0
0
84.8
67.3
70.1
0
0
0
0
11.7
0
18
0
0
0
58.7
0
0
1
82.3
0
25.4
0
6.6
0
0
5.8
0
0
11.2
0
18.3
0
11.7
0
16.8
0
21.8
0
0
0
31.5
0
0
56.1
0
0
0
0
36.1
0
0
0
0
0
0
18.3
0
0
0
21.8
0
0
0
0
0
0
0
0
0
0
0
0
0
43.7
0
0
0
82.3
0
0
0
0
0.8
0
0
0
0
0
0
1.5
0
0
0
0
0
0
0
0.5
0
0
0
0
0
2.8
0
0
0
0
0
0
1
0
0
0
0
0
0
0
0
0
0
0
0
0
0
0
0
0
0
0
0
0
0
0
0
0
0
0
0
0
0
0
0
0
0
0
0
0
0
0
0
0
0
0
0
0
0
0
0
0
0
0
0
0
0
0
0
0
0
0
0
0
0
0
0
0
0
0
0
0
0
0
0
0
0
0
0
0
0
0
0
0
0
0
0
0
0
0
0
0
0
0
0
0
0
0
0
0
0
0
0
0
0
0
0
0
0
0
0
0
0
0
0
0
0
0
0
0
0
0
0
0
0
0
0
0
0
0
0
0
0
0
0
0
0
0
0
0
0
0
0
0
0
0
0
0
0
0
0
0
0
0
0
0
0
0
0
0
0
0
0
0
0
0
0
6.9
0
2.8
0
0
18.3
0
0
16.8
0
0
0
1
0
0
0
0
0
0
0
26.4
0
0
0
0
0
0
0
14
0
0
9.4
0
28.2
0
43.4
0
0
34
0
0
0
6.9
0
0
0
5.6
0
0
0
0
35.8
0
0
0
0
0
0
0
57.4
0
0
36.1
0
0
0
66.8
0
0
36.1
0
0
0
29.7
0
0
0
21.3
0
0
0
45
0
0
0
0
0
0
92.2
0
0
0
61.7
0
0
0
0
18.5
0
0
37.1
0
0
111
0
0
0
0
0
33.3
0
0
0
0
0
0
0
0
6.9
0
0
0
36.6
0
17
0
0
0
0
59.4
0
0
0
11.9
0
0
0
0
84.1
0
0
0
5.3
0
0
0
0
1.5
0
0
0
0
1.3
0
0
0
0
0
11.2
0
0
18
0
0
0
0
0
0
0
0
0
0
0
0
0
0
28.2
0
0
0
0
0
0
0
0
0
0
0
0
0
0
0
0
0
0
0
0
0
0
0
0
0
0
0
0
0
0
0
0
0
0
0
0
0
0
0
0
0
0
0
0
0
0
0
0
0
0
0
0
0
0
0
0
0
0
0
0
0
0
0
0
0
0
0
0
0
0
0
0
0
0
0
0
0
0
0
0
0
0
0
0
0
0
0
0
0
0
0
0
0
0
0
0
0
0
0
0
0
0
0
0
0
0
0
0
0
0
0
0
0
0
0
0
0
0
0
0
0
0
0
0
0
0
0
0
0
0
0
0
0
0
0
0
0
0
0
0
0
0
0
0
0
0
0
0
0
0
0
0
0
0
0
0
0
0
0
0
0
0
5.8
0
0
0
0
0
0
0
0
0
0
0
0
0
0
0
0
0
0
0
0
0
0
5.3
3.6
0
0
0
0
0
0
0
0
25.1
38.1
1.5
4.8
11.9
0
5.1
0
35.6
0
0
0
0
0
0
0.5
16.5
0
0
0
0
0
0
0
0.8
1.8
16
0
0
0
0.5
0
0
0
5.6
0
0
0
0
4.3
0
0
0
0
0
0
0
26.4
43.7
23.9
5.8
41.1
0
0
74.7
0
3.6
18
66.8
0
87.4
0
0
65.5
0
0
0
42.4
0
0
0
61.7
0
0
0
0
48.5
0
0
0
0
118.9
0
0
18
10.9
0
6.9
0
5.6
16.5
2.8
11.2
4.3
16
5.3
3.6
4.3
1
2
5.3
3.6
0
62.7
117.1
92.2
48.8
22.1
8.4
22.4
4.1
0
16.8
1.8
0
1
0
0
23.4
0
11.7
0
88.1
0
0
7.1
0
0
35.8
0
0
60.2
0
13
0
0
0
0
0
0
0
0
0
0
0
0
0
0
0
0
0
0
0
0
0
0
0
0
0
0
0
0
0
0
0
0
0
0
0
0
0
0
0
0
0
0
0
0
0
0
0
0
0
0
0
0
0
0
0
0
0
0
0
0
0
0
0
0
0
0
0
0
0
0
0
0
0
0
0
0
0
0
0
0
0
0
0
0
0
0
0
0
0
0
0
0
0
0
0
0
0
0
0
0
0
0
0
0
0
0
0
0
0
0
0
0
0
0
0
0
0
0
0
0
0
0
0
0
0
0
0
0
0
0
0
0
0
0
0
0
0
0
0
0
0
0
0
0
0
0
0
0
0
0
0
0
0
0
0
0
0
0
0
0
0
0
0
0
0
0
0
0
0
0
0
0
0
0
0
0
0
0
0
0
0
0
0
0
0
0
0
0
0
0
0
0
0
0
0
0
0
0
0
0
0
0
0
0
0
0
0
0
0
0
0
0
0
0
0
0
0
0
0
0
0
0
0
0
0
0
0
0
0
0
0
0
0
0
0
0
0
0
0
0
0
0
0
0
9.4
0
0
0
0
0
0
0
0
0
10.9
0
0
0
22.1
0
0
0
0
0
0
0
0
0
0
0
0
5.3
10.7
0
9.4
0
21.3
29.7
3
0
0
0
0
0
0
0
0
0
0
1
0
0.8
0
0
19.6
0
11.7
0
0
0
18.5
0
0
2
0
0
0
0
0
0
0
0
0
0
0
0
0
0
0
0
0
0
0
0
4.3
0
0
0
0
0
0
0
0
0
0
0
81.3
188.5
46.2
0.5
43.7
10.7
81.3
2.8
3.6
18.8
0.8
0
69.1
36.3
73.9
28.2
32.3
6.1
0
0
0
32.3
8.4
57.7
26.9
0
0
0
46.5
4.3
37.1
2.8
1.8
1
70.9
36.3
41.9
4.3
2.3
8.4
14.2
11.2
5.8
20.1
17
0.3
26.4
0.5
47.2
0
0.8
0
0
0.5
0
0.3
0
4.8
0
0
0
0
0
0
0
0
0
0
0
0
0
0
0
0
0
0
0
0
0
0
0
0
0
0
0
0
0
0
0
0
0
0
0
0
0
0
0
0
0
0
0
0
0
0
0
0
0
0
0
0
0
0
0
0
0
0
0
0
0
0
0
0
0
0
0
0
0
0
0
0
0
0
0
0
0
0
0
0
0
0
0
0
0
0
0
0
0
0
0
0
0
0
0
0
0
0
0
0
0
0
0
0
0
0
0
0
0
0
0
0
0
0
0
0
0
0
0
0
0
0
0
0
0
0
0
0
0
0
0
0
0
0
0
0
0
0
0
0
0
0
0
0
0
0
0
0
0
0
0
9.4
0
0
0
8.4
0
0
0
0
0
0
0
0
0
0
0
0
0
0
0
0
0
0
0
0
0
0
0
0
0
0
0
0
0
0
0
0
0
0
0
0
0
0
0
0
0
0
0
0
0
0
0
0
0
0
0
0
0
0
0
0
0
0
0
0
0
0
26.9
0
0
0
0
9.9
0
0
0
10.7
0
0
0
0
0
0
0
0
0
0
0
0
19.3
0
0
21.3
0
0
23.1
0
0
0
0
65.8
0
0
0
47.8
45.7
0
42.7
5.8
1
0
0
0.3
0
0
0
0.8
0
0
0
1.3
0
0
0
0
0
66.8
0
0
0
0
0
0
0
0
26.4
0
17.5
0
0
35.8
0
0
0
0
0
26.9
0
0
122.7
0
0
0
115.3
0
0
0
0
0
38.1
79.8
0
37.3
0
0
0
0
0
52.1
15.2
0
0
0
0
0
0
0
0
0
40.6
0
0
30.7
0
0
79.5
0
0
0
0
0
0
0
0
0
0
0
0
0
0
0
0
36.6
131.3
35.1
43.2
18.3
0
16.5
10.7
0
0
0
0
0
0
0
0
0
0
0
0
0
0
0
0
0
0
0
0
0
0
0
0
0
0
0
0
0
0
0
0
0
0
0
0
0
0
0
0
0
0
0
0
0
0
0
0
0
0
0
0
0
0
0
0
0
0
0
0
0
0
0
0
0
0
0
0
0
0
0
0
0
0
0
0
0
0
0
0
0
0
0
0
0
0
0
0
0
0
0
0
0
0
0
0
0
0
0
0
0
0
0
0
0
0
0
0
0
0
0
0
0
0
0
0
0
0
0
0
0
0
0
0
0
0
0
0
0
0
0
0
0
0
0
0
0
0
0
0
0
0
0
0
0
0
0
0
0
0
0
0
0
0
0
0
0
0
0
0
0
0
0
0
0
0
0
0
0
0
0
0
0
0
0
0
0
0
0
0
0
0
0
0
0
0
0
0
0
0
0
0
0
0
0
0
0
0
0
0
0
8.1
0
0
15.2
0
18.3
0
0
0
0
0
0
0
0
0
0
0
0
0
0
0
0
0
0
0
0
0
0
0
0
0
0
241.3
0
0
0
0
0
0
0
0
0
0
10.2
0
0
0
0
0
0
0
0
0
6.6
0
0
22.9
0
25.4
0
0
0
0
26.9
0
40.6
27.9
0
0
0
0
50.8
0
15.2
0
0
0
0
0
0
0
0
0
0
0
27.9
0
0
12.7
0
0
0
0
0
0
0
0
0
16.3
0
0
9.7
0
0
0
0
0
27.9
61
83.8
66
0
0
0
0
0
0
104.1
0
0
0
0
0
0
17.8
0
15.2
0
16.5
17.8
0
0
0
0
0
44.5
0
40.6
0
35.6
0
0
0
0
0
0
0
0
0
16.3
0
0
0
0
0
0
0
0
0
0
0
0
0
0
91.4
0
15.2
0
0
0
0
0
0
0
0
0
0
0
0
0
0
0
0
0
0
0
0
0
0
0
0
0
0
0
0
0
0
0
0
0
0
0
0
0
0
0
0
0
0
0
0
0
0
0
0
0
0
0
0
0
0
0
0
0
0
0
0
0
0
0
0
0
0
0
0
0
0
0
0
0
0
0
0
0
0
0
0
0
0
0
0
0
0
0
0
0
0
0
0
0
0
0
0
0
0
0
0
0
0
0
0
0
0
0
0
0
0
0
0
0
0
0
0
0
0
0
0
0
0
0
0
0
0
0
0
0
0
0
0
0
0
0
0
0
0
0
0
0
0
0
0
0
0
0
0
0
0
0
0
0
0
0
0
0
0
0
0
0
0
0
0
0
0
0
0
0
0
0
0
0
0
0
0
0
0
0
0
0
0
0
0
0
0
0
0
0
0
0
0
0
0
0
50.8
0
0
0
0
0
0
0
0
0
2.5
0
0
0
0
0
0
0
0
8.9
0
0
0
0
0
0
5.1
0
0
0
0
0
25.4
0
0
0
0
0
10.2
0
0
0
0
0
53.1
0
0
36.1
0
0
0
31.8
31.5
0
0
0
0
0
32
0
0
38.1
0
53.3
12.7
19.1
0
0
28.4
14.2
0
0
0
0
50.5
51.3
17
39.9
135.6
25.1
17.3
39.9
0
0
14.2
18.5
0
0
99.8
8.6
57.2
38.6
0
0
14.2
0
0
0
12.7
58.4
27.9
16.8
0
40.6
2.5
0
14
0
19.1
0
44.5
0
55.9
0
25.4
0
22.9
0
38.1
50.8
45.7
43.2
0
12.7
19.1
50.8
12.7
14
0
48.3
0
0
0
0
0
0
0
12.7
0
0
0
36.6
0
0
12.7
0
0
6.4
0
20.3
25.4
17.3
17.5
12.7
58.4
0
0
1.3
0
0
0
2.5
0
0
0
0
0
0
0
0
0
0
0
7.6
0
0
0
0
0
0
0
0
0
0
0
0
0
0
0
0
0
0
0
0
0
0
0
0
0
0
0
0
0
0
0
0
0
0
0
0
0
0
0
0
0
0
0
0
0
0
0
0
0
0
0
0
0
0
0
0
0
0
0
0
0
0
0
0
0
0
0
0
0
0
0
0
0
0
0
0
0
0
0
0
0
0
0
0
0
0
0
0
0
0
0
0
0
0
0
0
0
0
0
0
0
0
0
0
0
0
0
0
0
0
0
0
0
0
0
0
0
0
0
0
0
0
0
0
0
0
0
0
0
0
0
0
0
0
0
0
0
0
0
0
0
0
0
0
0
0
0
0
0
0
0
0
0
0
0
0
0
0
0
0
0
0
7.1
0
0
5.1
0
0
0
7.6
0
0
15.2
0
0
12.7
3.8
3.8
0
0
0
19.1
0
0
0
0
5.1
0.8
0
22.9
0
12.7
0
0
0
2.5
5.1
0
0
0
0
0
0
0
11.4
2.5
1.3
1
11.4
0
0
19.1
34.3
0
7.9
100.3
0
38.1
0
10.2
0
0
0
0
0
0
0
0
0
1.3
0
0
0
0
2.8
12.4
50.8
10.2
28.2
20.3
5.1
59.7
11.4
31.8
34.3
2.5
0
0
0
0
0
2.5
0
0
0
0
0
3.8
0
0
0
0
3.8
22.9
80
76.2
0
2.5
15.2
0
0
0
0
0
0
0
0
0
0
15.7
0
7.6
16
0
0
2.5
0
0
0
25.4
63.5
29.2
44.5
28.4
2.5
0
25.4
17.8
0
19.1
0
11.4
0
97.8
0
17.8
0
15.2
0
0
55.9
0
0
12.7
0
8.9
0
3.8
0
1.3
6.4
2.5
3.8
0
21.6
38.1
0
0
0
12.7
10.2
0
0
0
0
0
0
7.6
3.8
15.2
0
0
0
0
0
0
10.4
0
0
0
0
0
0
0
0
0
0
0
0
0
0
0
0
0
15.2
1.3
0
12.7
0
0
7.6
0
0
0
7.6
0
2.5
0
0
0
0
0
0
0
0
0
0
0
0
0
0
0
3.8
0
0
0
0
0
0
0
0
0
0
0
0
0
0
0
0
0
0
0
0
0
0
0
0
0
0
0
0
0
0
7.6
0
0
0
0
0
0
0
0
0
0
0
0
0
0
0
0
0
0
0
0
0
0
0
0
0
0
0
0
0
0
0
0
0
0
0
0
0
0
0
0
0
0
0
0
0
0
0
0
0
0
0
0
0
0
0
0
0
0
0
0
0
0
1.8
0
0
0
0
0
0
0
0
0
0
0
0
0
0
0
0
0
0
0
0
0
0
0
0
0
0
0
0
0
0
0
0
0
0
0
0
0
0
0
0
0
0
0
0
0
0
0
0
0
0
0
8.9
0
0
1.3
0
0
0
0
0
0
0
0
0
0
0
0
0
0
0
0
0
0
0
0
0
0
0
0
0
0
0
18.3
0
0
0
0
0
0
0
0
9.7
0
0
1.3
0
5.1
0
29.2
0
0
0
0
0
0
0
0
0
0
0
0
0
0
0
0
0
10.2
0
8.1
1.3
0
0
0
0
11.4
2.5
16.5
0
0
0
0
0
0
3.6
0
3
3
5.6
0
4.6
0
0
0
6.6
2.3
27.4
1.5
0
0
10.7
0
8.9
97.8
72.4
3.8
0
0
3.6
0
0
0
50.8
38.1
19.1
15.2
0
0
0
0
1
26.7
0
0
0
0
1.3
0
0
2.5
0
0
0
9.7
0
26.7
4.3
2
0
0
27.2
24.4
4.1
0
0
0
0
0
1
1
1.8
26.9
0
12.7
2.8
0
0
0
0
0
0
0
0
0
0
3.3
1.3
5.3
7.6
0
0
0
0
0
38.1
27.4
1.3
0
0
0.8
0
0
0
0
0
8.9
0
0
0
0
0
0
0
0
0
20.3
10.2
0
0
0
0
10.2
0
0
0
0
0
0
0
0
0
0
0
0
0
0
0
0
0
0
0
0
0
0
0
0
0
0
0
0
0
0
0
0
0
0
0
0
0
0
0
0
0
0
0
0
0
0
0
0
0
0
0
0
0
0
0
0
0
0
0
0
0
0
0
0
0
0
0
0
0
0
0
0
0
0
0
0
0
0
0
0
0
0
0
0
0
0
0
0
0
0
0
0
0
0
0
0
0
0
0
0
0
0
0
0
0
0
0
0
0
0
0
0
0
0
0
0
0
0
0
0
0
0
0
0
0
0
0
0
0
0
0
0
0
0
0
0
0
0
0
0
5.1
0
0
0
0
0
0
0
0
0
0
0
0
0
0
0
0
0
0
0
0
43.2
0
0
0
0
0
0
0
0
0
3
0
0
0
0
0
0
0
0
0
0
0
0
0
0
0
0
0
0
0
0
0
0
0
0
8.4
5.1
71.1
0
5.1
0
0
0
0
0
0
0
0
0
0
0
0
25.4
4.8
0
0
1.3
0
0
0
0
0
0
0
0
7.9
48.5
20.3
0
59.7
0
0
0
0
0
0.5
0
0
0
16.3
0
0
2.3
23.1
0
15.5
1.3
0
39.6
5.6
19.1
67.3
10.4
24.6
29.2
9.4
0.8
1
10.2
0
0
0
0
75.9
50
8.4
9.4
0
33.3
8.6
0
0
0
0
0
35.6
45.7
0
0
31.8
14.5
52.1
19.1
13.2
3
3.6
51.6
1.8
4.6
17.3
3.8
9.7
5.8
14.7
2.3
0
0
2.5
0
0
0
0
0
0
0
48.5
1
0
0
0
1
0
0
1.5
0
0
0
0
2
0
6.1
5.8
0.8
0
8.9
6.6
0
0
22.6
0
0
0
11.9
0
0
0
0
0
88.4
11.4
13.7
51.6
37.8
47.5
44.7
0
6.9
1.5
0
0
0
0
0
0
16
26.7
1
20.3
0
0.8
0
0
0
0
0
0
0
0.8
0
8.1
0
2
0
0
0
0
0
0
0
0
0
0
0
0
0
0
0
0
0
0
0
0
0
0
0
0
0
0
0
0
0
0
0
0
0
0
0
0
0
0
0
0
0
0
0
0
0
0
0
0
0
0
0
0
0
0
0
0
0
0
0
0
0
0
0
0
0
0
0
0
0
0
0
0
0
0
0
0
0
0
0
0
0
0
0
0
2.5
0
0
0
0
0
0
0
0
0
0
0
0
0
0
0
0
0
0
0
0
0
0
0
0
0
0
0
0
0
0
0
0
0
0
0
0
0
0
0
0
0
0
0
0
0
0
0
0
0
0
0
0
0
0
0
0
0
0
0
0
0
0
0
0
0
0
0
0
0
0
0
0
0
0
0
0
0
0
0
0
0
0
0
7.6
0
1.5
0.5
0
0
0
0
10.2
0
0
0
0
0
0
0.5
0
5.1
0
0
0
0
0
0
4.6
0
0
0
0
12.7
0.3
0
0
0
0
0
0
0
0
19.8
3
0
0
0
0
5.8
32.5
7.4
0
0
1.3
0
0
8.6
0
0
0
0
0
2.5
0
14
2.5
10.9
2.3
0
12.4
6.6
0.8
55.4
0.8
45.7
14
1.3
16.5
2.5
0
0
0
0
0
5.8
0
0
0
0
0
0
0
0
0
6.4
0
0
5.1
0
9.1
12.7
28.2
29
22.1
25.9
51.1
12.4
65
15.2
8.6
7.9
0
0
11.4
1
0
0
0
7.4
0
2
6.6
16.5
0
13.2
34.3
10.4
0
0
0
0
24.4
121.9
45.7
31.8
73.7
6.4
50.8
10.2
1.3
0
0
0
0
0
17.8
3.8
0
0
0
19.1
0
0
0
2.5
0
0
0
0
0
15.2
0
0
0
0
2.5
0
0
8.4
3.8
3.8
0
8.9
0
48.8
0
0
0
0
3.6
22.4
48.3
0
0
2.5
12.7
0
6.4
0
0
0
5.1
0
0
0
0
0
0
0
0
0
0
0
0
0
0
0
0
0
0
0
0
0
0
0
0
0
0
0
0
0
0
0
0
0
0
0
0
3
0
0
0
0
0
0
0
0
0
0
0
0
0
0
0
0
0
0
0
0
0
0
0
0
0
0
0
0
0
0
0
0
0
0
0
0
0
0
0
0
0
0
0
0
0
0
0
0
0
0
0
0
0
0
0
0
0
0
0
0
0
0
0
0
0
0
0
0.8
0
0
0
0
0
0
0
0
0
0
0
0
0
0
0
0
0
0
0
0
0
0
0
0
0
0
0
0
0
0
0
0
0
0
0
0
0
0
0
0
0
0
0
0
0
0
0
0
0
0
0
0
0
0
0
0
0
0
0
0
0
28.2
0
0
0
0
0
0
0
0
6.9
9.1
11.4
24.9
3.6
11.7
0
0
0
0
0
0
0
0
0
0
0
0
0
0
0
0
0
9.4
0
0
8.6
0
0
0
0
8.1
0
0
0
0
0
0
0
0
0
0
16.5
0
0
0
18
0
0
0
36.3
0
0
7.6
6.4
1
0
9.7
19.8
30.7
97.8
45
21.8
51.3
47.5
0
0
0
0
34.3
2
0
5.1
0
0
0
34.3
2.8
0
5.3
2.3
13.5
14.7
0.5
0
27.4
1.8
22.9
0
0
17
0
0
6.4
0
0
45.5
15.7
0
1.5
16.3
13.5
45
21.6
35.6
24.4
3
1.8
27.4
0
1.8
6.9
0
0
68.6
1.8
1.5
0
16.3
13.2
42.9
90.7
17.3
26.7
10.9
0.5
6.6
33.8
0
0
18.8
10.9
0
0
0
0
0
1.5
14.7
13.2
23.1
2.5
3.8
8.4
0
0
0
4.6
32.3
0
0
0
12.7
0
1.3
14.5
1.8
0
3.6
0
1.3
0
1.5
0
4.6
0.8
0
0
0
0
0
0
0
0
0
0.5
0
0
0
0
1.3
0
0
6.9
0.8
0
0.5
0
7.9
9.1
19.8
9.4
0
0
5.6
11.9
0
0
0
0
0
0
0
0
0
0
0
0
0
0
0
0
0
0
0
0
0.8
27.2
1
0.5
0
0
0
0
0
0
0
0
0
0
0
0
0
0
0
0
0
0
0
0.5
0
0
0
0
0
0
0
0
0
0
0
0
0
0
0
0
0
0
0
0
0
0
0
0
0
0
0
0
0
0
0
0
0
0
0
0
0
0
0
0
0
0
0
0
0
0
0
0
0
0
0
0
0
0
0
0
0
0
0
0
0
0
0
0
0
14.2
0
0
0
0
0
0
0
0
0
0
0
0
0
0
0
0
0
0
0
0
0
0
0
0
0
0
0
0
0
0
0
0
0
0
0
0
0
0
0
0
0
0
0
0
0
0
0
0
0
0
0
0
0
0
2.8
14.5
0
0
7.6
9.4
9.1
3.8
0
0
0
0.5
0
0
2
0
0
0
2.8
12.2
5.6
0
0
9.7
2.3
0.5
15.2
36.3
2.8
13
14.5
1.5
0
0
1
0
1.5
0
0
0
0
0
0
0
0
0
0
0
0
0
0
6.9
3.3
0
1
5.1
0
4.6
0
3
0
0
0
0
17.5
0
0
1.5
25.9
0
0
8.1
0
1
0
0
0
0
0
0
0
0
5.1
0
0
0
0
22.1
4.8
2.3
5.3
1
41.4
3.6
0
11.7
35.3
61.2
60.5
4.1
2.3
21.1
6.4
0
35.8
2.5
6.1
0
14.7
60.2
74.7
129
155.4
46
42.9
0
0
0
0
2.3
2
3
17.5
5.3
0
0
0
0.3
0
0.3
1.3
0.8
6.6
3
7.9
11.4
4.6
2.8
2.3
0
0
83.3
13.7
1
0
0
0
0
0
0
0
0
0
0
0
0
5.6
0
0
9.7
0
15.7
0
41.7
29.5
0
0
0.8
1.3
0
0
0
0
0
0
42.4
0
0
0
0
0
0
42.4
0
0
0
0
0
0
42.4
0
0
0
0
0
0
0
0
0
0
0
0
0
0
0
36.8
0
0
0
0
0
0
36.8
0
0
0
0
0
0
36.8
0
0
0
0
0
0
0
0
0
0
0
0
0
0
0
0
0
0
0
0
0
0
0
0
0
0
0
0
0
0
0
0
0
0
0
0
0
0
0
0
0
0
0
0
0
0
17.4
0
0
0
0
0
0
17.4
0
0
0
0
0
0
17.4
0
0
0
0
0
0
0
0
0
0
0
0
0
0
0
0
0.1
0
0
0
0
0
0
0.1
0
0
0
0
0
0
0.1
0
0
0
0
0
0
0
0
0
0
0
0
0
0
0
0
0.5
0
0
0
0
0
0
0.5
0
0
0
0
0
0
0.5
0
0
0
0
0
0
0
0
0
0
0
0
0
0
0
11.2
0
0
0
0
0
0
11.2
0
0
0
0
0
0
11.2
0
0
0
0
0
0
0
0
0
0
0
0
0
0
0
0
33.7
0
0
0
0
0
0
33.7
0
0
0
0
0
0
33.7
0
0
0
0
0
0
0
0
0
0
0
0
0
0
0
105.2
0
0
0
0
0
0
105.2
0
0
0
0
0
0
105.2
0
0
0
0
0
0
0
0
0
0
0
5.1
5.1
91.4
10.9
118.4
9.1
6.1
0
0
0
0
0
0
2.5
64
24.6
59.7
28.7
2.3
0
0
0
0
3
0
0
0
0
3.8
0
0
33.5
5.1
7.6
0
10.2
3.8
59.7
34.3
30.2
2.8
33
0
2.5
35.6
69.9
27.7
8.6
2.3
35.3
0
14
8.6
9.9
2.5
35.6
27.9
0
5.1
29.2
33.8
12.2
17.8
64
55.9
7.6
7.1
0.8
0
0.8
0
0
8.9
35.6
3.8
0
17.8
40.6
33
3.6
0
0
1
2.5
0
0
5.1
9.4
0
20.3
0
0.3
0
0.5
25.1
5.1
8.9
0
0
0
0
7.4
0
15.2
0
0
0
0
0
0
0
0
0
0
0
0
0
0
0
0.3
0
0
0
0
0
0
0
0
0
0
8.4
0
0
0
0
0
0
0
0
0
0
0
0
0
0
0
0
0
0
0
0
0
0
0
0
0
0
0
0
0
0
0
0
0
0
0
0
0
0
0
0
0
0
0
6.4
0
0
0
0
0
0
0
0
0
0
0
0
0
0
0
0
0
0
0
0
0
0
0
0
0
0
0
0
0
0
0
0
0
0
0
0
0
0
0
0
0
0
0
0
0
0
0
0
0
0
0
0
0
0
0
0
0
0
0
0
0
0
0
0
0
0
0
0
0
0
0
0
0
0
0
0
0
0
0
0
0
0
0
0
0
0
0
0
0
0
0
0
0
0
0
0
0
0
0
0
0
0
0
0
0
0
0
0
0
0
0
0
0
0
0
0
0
0
0
0
0
0
0
0
0
0
11.2
0
0
0
0
0
11.9
31
0
0
0
0
0
0
0
0
0
0
0
0
4.1
0
0
0
0
5.6
0
29.5
0
10.9
0
0
0
1.5
0
15.2
3.3
31.8
0
0
0
0
0
0
0
0
0
0
23.9
21.3
14
7.6
13.2
19.3
7.9
6.4
0
2.5
15.2
146.1
6.4
17.3
15.7
0
0
0
0
0
0
0
31.8
17.8
0
5.6
0
0
12.7
0
10.2
3.8
5.1
14
0
0
0
48.8
0
3
5.1
0
0
21.6
11.4
8.4
0
33
0
0
0
6.4
0
0
0
19.1
3.8
3.8
0
0
1.8
26.7
15.2
7.6
0
0
20.3
6.4
2.5
0
0
0
13.7
6.1
0
2.5
0
0
0
1
21.8
7.6
4.3
4.6
0
3
0
0
0
0
0
0
0
0
17.8
0
0
0
5.6
0
0
0
14
0
0
0
0
0
0
14.5
49.5
27.9
0
0
0
0
0
0
0
6.1
0
0
0
0
0
0
0
0
0
0
0
0
0
0
2.3
0
0
0
0
0
0
6.3
0
0
0
0
0
0
6.3
0
0
0
0
0
0
6.3
0
0
0
0
0
0
0
0
0
0
0
0
0
0
0
0
0.1
0
0
0
0
0
0
0.1
0
0
0
0
0
0
0.1
0
0
0
0
0
0
0
0
0
0
0
0
0
0
0
0.4
0
0
0
0
0
0
0.4
0
0
0
0
0
0
0.4
0
0
0
0
0
0
0
0
0
0
0
0
0
0
0
0
0
0
0
0
0
0
0
0
0
0
0
0
0
0
0
0
0
0
0
0
0
0
0
0
0
0
0
0
0
0
0
1
0
0
0
0
0
0
1
0
0
0
0
0
0
1
0
0
0
0
0
0
0
0
0
0
0
3.8
0
0
0
0
0
0
0
0
3.3
0
0
0
0
0
0
38.1
0
0
0
0
0
0
0
0
0
0
0
0
21.8
0
0
0
0
0
0
0
0
0
0
0
0
0
0
6.4
13.7
0
2.3
0
20.3
7.1
0.5
2.8
12.2
0
51.8
7.1
24.1
0
2
0.3
14.5
0
0
0
0
0
0
0
0
41.9
0.8
12.2
0
15.2
19.1
0
0
8.1
0
0
0
0
15.2
0
1.3
0
0
5.1
0.8
0.8
15.2
21.3
0
23.9
18.8
23.6
18.5
34
25.4
22.4
3.3
0
3.3
1
0
56.6
11.7
4.6
50.5
1.8
21.1
0.8
0
2.3
1
1.5
0
0
0
0
0
0
24.9
9.1
9.1
11.7
0
0
0
0
11.4
0
0
0
0
2.5
0
0
0
0
0
0
0
0
0
0
10.9
0
0
5.3
0
0
0
0
22.9
0
17.8
0
0
0
0
15.2
0
10.2
0
2
0
0
0
0.8
0
0
0
0
5.3
0
6.4
14.5
22.6
4.6
9.4
37.3
19.6
34.3
8.4
0
14.5
0
0
0
0
0
0
0
0
0
0
0
2.8
1.3
0
31
0
0
0
0
0
4.3
0
0
0
0
0
0
0
0
0
0
0
0
0.8
0
0
0
0
0
0
0
5.3
0
3.6
6.1
0
2.3
0
0
0
0
0
0
0
0
0
0
0
0
0
0
0
0
0
0
0
0
0
0
0
0
0
0
0
0
2.5
0
1
0
0
0
0
0
0
0
0
0
0
0
0
0
0
0
0
0
0
0
0
0
0
0
0
0
0
0
0
0
0
0
0
0
0
0
0
0
0
0
0
0
0
0
0
0
0
0
0
0
0
0
0
0
0
0
0
0
0
0
0
0
0
0
0
0
0
0
0
0
0
0
1.3
0
0
0
0
0
0
0
0
0
0
0
0
0
0
0
0
0
0
0
0
0
0
0
0
0
0
0
0
0
0
0
0
0
0
0
0
0
0
0
0
0
0
0
3.8
7.4
0
0
0
0
0
0
0
0
0
0
0
0
0
0
0
0
5.3
10.7
0
0
0
0
0
0
0
0
0
5.1
0
1.5
0
22.4
2.3
0
0
0
0.5
0.5
1.8
0
0
0
0.8
0
0
10.4
0
0
0
34
0
0
0.5
0
0
14.7
0
0
0
20.3
15.5
7.9
9.1
22.6
28.7
53.1
38.4
0
1.8
0
0
0
0
8.1
0
0
0
0
0
5.8
0
16.3
0.3
1.5
0.5
9.4
13
0.3
1.5
41.1
28.7
13.5
13.5
2
11.2
28.4
0
25.7
15.2
6.1
4.8
43.2
36.3
95.3
21.1
11.4
0.8
0.5
0.8
0.8
32.5
11.4
21.6
3.8
0
31.8
15
8.9
0
0
0
0
2.3
10.2
0
0
0
22.6
8.1
0
0
0
0
21.3
0
17.8
2.5
0
2.3
15.2
21.3
17.3
31.2
4.3
11.4
22.6
0
25.4
0.5
5.1
5.3
0
7.6
10.4
9.9
44.5
0
0
0
0
0
1.3
0
0
0
0
0
0
0
0
2
11.4
0
0
0
0
0
0
0
0
1.3
1.3
7.6
7.1
0
12.2
0
0
11.9
13.5
3.8
0
0
0
10.7
0.8
0
0
0
0
0
0
2.5
16
3.8
0
0
0
0
0
0
0
0
0
0
0
0
0
0
0
0
0
0
0
0
0
0
0
0
0
0
0
0
2.3
0
0
0
0
0
0
0
0
0
0
0
0
0
0
0
0
0
0
0
0
0
0
0
0
0
0
0
0
0
0
0
0
0
0
0
0
0
0
0.3
0.3
0
0
0
0
0
0
0
0
0
0
0
0
0
0
0
0
0
0
0
0
0
0
0
0
0
0
0
0
0
0
0
0
0
0
0
0
0
0
0
0
0
0
0
0
0
0
0
0
0
0
0
0
0
0
0
0
0
0
0.3
0.5
11.4
1.5
0
0
0
11.9
3.8
0.8
0
0
0
0
0
0
0
0
0
0
0
0
0
0
2.5
0.8
0
0
0
0
0
0
0
1
0
0
0
0
0
0
0
0
0
0
0
0
5.8
0
0
0
0
0
0
20.3
0
2.8
1.5
16.8
1.3
7.6
0
31.5
0
3.8
18.5
0
0
19.1
0
0
0
0
0
12.2
0
16.5
0
0
0
1.3
29.2
1.3
0
0
0
0
0
0
0
3
0
7.1
33
0.8
0
15.7
0
14.7
3.8
0
0
0
4.3
6.4
0
22.4
23.9
2.5
5.1
0
0
0
0
0
0.8
29.7
12.4
2.3
0
6.4
11.9
26.4
12.7
27.9
53.6
62
20.6
48.3
0
0
0
0
0
0
0
0
9.4
0
39.9
58.7
2.3
0
1.3
2.3
16.3
0
0
0
29
42.4
3.6
10.9
2.5
0.5
0
0
0.5
0
2
3.3
18.3
30.2
21.6
55.4
0.5
24.6
1.3
78.2
0
0
0
0
0
3
7.6
0
0
0
0
1.3
0
0
6.9
5.1
0
0
5.1
0
0
0
0
0
0
0
0
0
0
0
6.1
0
0
0
0
0
0
0
0
0
5.3
0
28.2
0
3.3
0
2.3
0
0
0
1.8
0
0
0
12.4
0
0
0
0
0
0
0
0
0
0
0
0
0
0
0
0
0
0
0
0
0
0
0
0
0
0
0
0
0
0
0
0
0
0
0
0
0
0
0
0
0
0
0
0
0
0
0
0
0
0
0
0
0
0
0
0
0
0
0
0
0
0
0
0
0
0
0
0
0
0
0
0
0
0
0
0
0
0
0
0
0
0
0
7.6
0
0
0
0
0
0
0
0
0
0
0
0
0
0
0
0
0
0
0
0
0
0
0
0
0
0
0
0
0
0
0
0
0
0
0
0
0
0
0
0
0
0
0
0
0
0
0
0
0
0
0
0
0
0
0
0
0
0
0
0
0
0
0.5
0
0
0
0
0
0
0
0
0
0
0
8.6
0
0
0
0
0
0
0
0
0
0
0
0
0
0
0
0
0
3.3
0
0.8
0
0
0
0
0
12.7
0
19.1
0
0
54.1
0
0
0
0
0
11.9
3
0.8
0
0
0
9.4
6.9
0
0
0
0
0
0
18.5
1.8
0
1
8.9
9.1
1.3
0
0
0
0
0
0
22.4
0
0
0
0
0
0
8.1
0
0
21.1
3.6
2
0.3
0
0
0
0
0
0
30.7
0
0
0
0.8
0.8
12.4
0
4.1
2.3
0.3
32.3
2
8.4
71.4
40.9
0
1.3
0
12.4
11.2
0
12.7
3
1.3
40.9
3
0
10.4
0
11.9
6.1
28.7
32.3
17.5
57.2
71.4
13.5
46.5
29.2
30.2
109.7
42.9
0.5
5.8
2.5
2
1.5
18.5
0
2.5
39.9
17.8
3.6
30
0
0
24.1
0
0
0
0
9.7
0
1
53.3
1
0
0
0
0
0
0
15.2
0
3
0
6.4
1
0
11.7
0
0
0
0
0
0
5.8
0
0
0
0
0
0
0
0
0
0
0
0
0
0
0
0
0
0
0
0
0
0
0
0
0
38.1
2
0
0
0
0
2.5
0
0
0
2
1
0
0
0
0
0
2.5
0
0
0
0
0
0
0
0
0
0
0
0
0
0
0
0
0
0
0
0
0
0
0
12.4
0
0
0
0
0
0
0
0
1.5
0
5.6
4.3
0
0
0
0
0
0
0
0
0
0
1.3
0
6.4
0
0
0
0
0
0
0
0
0
0
5.1
0
0
0
0
0
0
0
0
0
0
0
0
0
0
0
0
0
0
0
0
0
0
0
0
0
0
0
0
0
0
0
0
0
0
0
0
0
0
0
0
0
0
0
0
0
0
0
0
0
0
0
0
0
0
0
0
0
0
0
0
0
0
0
0
0
0
0
0
0
0
0
0
0
0
0
0
0
0
0
0
0
0
0
0
0
0
0
0
0
0
0
0
0
0
0
0
0
0
0
0
0
0
0
0
0
0
0
0
0
0
0
0
0
22.6
14.5
0
0
0
0
0
0
0
0
5.8
4.3
0
0
2.8
0
0
0
1.3
2.5
0.8
0
1.8
0
0
0
0
6.4
0
5.3
10.2
0
0
3.3
1.3
0.8
0.5
0
0
0
0
0
3.3
0
0
0
4.6
2.5
0
16.3
0
0
0
0
2.5
0
0
15
3.6
0
7.9
0
0
12.4
11.2
4.6
62.2
5.3
0
54.4
0
6.9
24.9
1.8
1.3
8.9
7.4
23.1
0.5
34.5
0
11.4
17
27.7
18
25.1
9.9
5.3
0
2
4.3
26.9
9.1
5.6
27.9
0
2.5
59.9
70.9
3.6
20.1
1.3
37.8
36.1
2.5
0.5
12.7
1.3
32.5
3.8
37.6
22.1
5.6
0.3
1
0
0
0.5
10.7
2
27.7
14.5
1
9.4
0
0
4.3
27.2
0
0
0
0
0.3
59.7
4.1
0
0
0
48.5
0
0
0
0
0
21.1
27.2
2.5
2.5
35.8
41.9
56.9
3.6
11.7
11.9
0
7.9
0
0
0.5
0
0
0
3.8
11.9
1.3
15.2
11.4
5.1
0
2.3
7.4
10.7
1
101.1
12.7
0
0
4.8
0
11.4
37.3
0
0
0
0
0
0
0
0
0
0
0
0
0
0
0
0
0
0
0
3.8
0
0
0
0
3.3
0
0
0
0
0
0
0
0
0
0
0
0
0
0
0
0
0
0
0
0
0
0
0
0
0
0
0
0
0
0
0
0
0
0
0
0
0
0
0
0
0
0
0
0
0
0
0
0
0
0
0
0
0
0
0
0
0
0
0
0
0
0
0
0
0
0
0
0
0
0
0
0
0
0
0
0
0
0
0
0
0
0
0
0
0
0
0
0
0
0
0
0
0
0
0
0
0
0
0
0
0
0
0
0
0
0
0
0
0
0
0
0
0
0
0
0
0
0
0
0
0
0
0
0
0
0
0
0
0
0
0
0
0
0
0
0
0
0
0
0
0
0
0
1
0
0
0
0
0
0
0
0
0
0
0
0
0
0
0
0
0
0
0
0
0
1.3
0
0
0
0
0
7.9
0
0
0
0.3
0
0
0
11.9
0
0
0
2.5
0
0
0
0
0
0
0
0
0
12.4
5.6
0.3
0.8
2
0
23.4
1.8
0
25.4
0
2.3
0
0
0
0
0
1.8
0
0
0
0
0
0.8
0
0
0
0
10.9
19.1
1.3
0
4.3
8.1
13
5.8
11.9
4.3
19.1
39.4
14.5
4.3
18.5
14.7
14.5
1.3
0.5
1.3
0
0
6.9
16
0
0
0
0
0
0
0
4.6
6.4
28.2
19.1
2.5
0
10.4
0
0
0
2.5
0
0
0.8
25.9
0
0
3.6
0
15.7
2.5
0
0
0
0
0
0
4.1
1.8
0
0
0
19.1
7.1
0
24.1
0
23.9
0
44.5
7.6
58.2
26.7
41.9
13.7
18.5
26.4
18.5
0
0
52.1
24.6
0
23.6
0
34.3
0
0
4.6
0
0
0
0
2.5
0
1.5
2.3
0
0
0
0
6.9
0
0
0
0
12.7
0
0
0
0.3
0
0
0
0
0
0.8
0
0
0
6.9
0
0
0
0
3.3
0
0
1
0
0
0
18
0
0
0
0
0
0
0
0
0
0
0
0
0
0
0
0
0
0
0
0
0
48.5
0
0
0
0
0
0
0
0
0
0
0
0
0
0
0
0
0
0
0
0
0
0
0
0
0
0
0
0
0
0
0
0
0
0
0
0
0
0
0
0
0
0
0
0
0
0
0
0
0
0
0
0
0
0
0
0
0
0
0
0
0
0
0
0
0
0
0
0
0
0
0
0
0
0
0
0
0
0
0
0
0
0
0
0
0
0
0
0
0
0
0
0
0
0
0
0
0.5
0
0
0
0
10.2
13.7
0
0
0
0
0
0
0
5.1
0
0
0
0
0
0
6.4
11.4
0
0
0
0
0
0
0
0
0.5
0
0
8.9
0
0
0
0
0
0
0
0
0
0
0
0
0
6.9
9.9
0
0
0
9.7
0
9.9
0
0
0
0
0
0
0
75.9
3.3
36.6
0
3.8
0
0.8
0
0
0
0
0
7.4
19.6
3.8
1.8
3
5.8
0
0.5
1.3
3.8
0
1.3
29.7
49.3
114.8
1.8
0
0
0
4.3
0
0
0
0
0
0
4.1
15
2.3
10.7
0
0
0
2.3
0
0
0
32.3
0
15.5
28.4
0
17
0.3
3.8
0
0
0
0
0.8
0
51.3
43.9
34
0
0
2.3
0
0
0
0
0
1.3
0
7.6
22.4
40.6
6.6
24.9
8.4
0
0
37.3
0
8.9
15.2
1.3
2.5
0
0
0
25.4
0
0
0
0
5.1
0
0
13.2
20.1
52.1
0
0
0
0
20.3
4.3
3
19.1
13.5
162.1
16.8
12.7
45.7
49.5
41.4
21.6
20.1
0
7.9
5.1
6.1
2
1.8
23.6
8.4
30.5
33.8
11.9
48.8
0.5
87.1
3.6
30.5
21.8
89.7
6.1
6.9
3.6
73.2
6.9
0
1.3
3
0
0
0.8
0
1.8
0
0
0
0
1.8
0
0
0
0
0
0
0
0
0
0
0
0
0
0
0
0
0
0
6.6
0
0
0
0
0
0
2.5
0
10.4
0
0
0
0
0
0
0
0
0
0
0
1
0
0
0
0
0
0
0
0
0
0
0
0
0
0
0
0
0
0
0
0
0
0
0
0
0
0
0
0
0
0
2.8
0
0
0
0
0
0
0
0
0
0
0
0
0
0
0
0
0
0
0
0
0
0
0
0
0
0
0
0
0
0
0
0
0
0
0
0
0
0
0
0
0
0
0
0
0
0
0
0
0
0
0
0
0
0
0
0
0
0
0
0
0
0
0
0
0
0
0
0
0
0
0
0
0
0
0
0
0
0
0
0
0
0
0
0
0
0
0
0
0
0
0
0
0
0
0
0
1
0
0
0
0
0
0
0
0
0
0
0
0
16.5
0
0
0
0
0
0
0.5
8.9
0
0
0
0
0
0
0
0
0
0
0
0
0
0
0
0
0
0
0
0
0
0
0
0
0.5
10.7
0
0
0
0
0
0
0
39.4
0
0
3
0
0
0
50.8
0
0
16.5
5.1
0
6.1
0
0
68.1
0
1
0
20.3
4.6
10.2
16.8
1
48.8
6.1
6.9
9.4
0
0
1.5
0
0
0
78.7
16
153.7
66.3
6.6
3
0
0
0
0
0
0
8.9
17.3
17.8
0
1.3
0
10.2
37.3
26.7
23.9
12.7
0
43.9
8.9
7.6
7.1
23.9
0
56.9
35.6
0.5
49
3
2.8
33
2.5
1.3
2
2
40.6
1.3
27.9
95.3
30
22.6
10.9
30.5
0
0
1.3
12.2
1
29.7
5.3
4.1
0
1.5
0
0
0
10.4
0
0
0.8
0
0
0
2
3
7.9
5.3
10.9
0
0
1.3
0
0
0
25.4
1.5
0
4.8
0
0
6.1
22.1
0
0
0
0
0
0
0
0
7.1
33.5
49.5
0
0.3
1.3
0
0
0
0
0
0
0
2.5
0
0
0
0
0
0
1.5
0
0
0
0
0
0
0
0
0
0
0
0
0
0
0
0
0
0
2.5
1.3
0
0
0
0
0
0
0
0
0
0
0
0
0
0
0
0
0
0
1.3
3.8
0
0
0
0
0
0
0
0
0
0
0
0
0
0
0
0
0
0
0
0
0
0
0
5.6
0
0
0
0
0
0
0
0
0
0
0
0
0
0
0
0
0
0
0
0
0
0
0
0
0
0
0
0
0
0
0
0
0
0
0
0
0
0
0
0
0
0
4.3
0
0
0
0
0
0
0
0
0
0.8
0
0
0
0
0
0
0
0
0
0
0
0
0
0
0
0
0
0
0
0
0
0
0
0
0
0
0
0
0
0
0
0
0
0
0
0
0
0
0
0
0
0
0
0
0
3.3
0
0
0
0
0
0
0
0
3.6
0
0
0
0
0
0
0
0
0
0
0
0
0
3.8
0
0
0
0
7.6
0
0
0
0
0
0
0
0
0
0
0
0
0
0
38.1
1.5
0
2.8
1.5
0
0
0
0
1.5
0.8
0
0
0
0
0
1
0
13
0
0
17
25.7
0.5
15
0.8
0
0
10.4
3.6
2.3
0.5
42.4
1.5
0.3
0
0
8.6
15.5
0
3
0
0
11.2
23.9
0
0
0
0
14.5
12.7
50
0
0
5.3
1.5
0
0
0
1.3
0
1
1.3
5.8
28.4
31.5
39.6
126
96
8.4
18.5
63.8
32
7.6
10.4
0
0
0.5
6.9
11.9
0
0
0.5
41.1
23.4
25.4
32
14.5
0
36.3
31.8
33.3
3.8
41.9
46.5
23.6
61.5
0
6.9
53.6
2.3
10.2
7.6
9.1
0.5
5.6
8.6
20.3
6.9
6.1
0
0
1.3
31.8
9.4
0.5
4.3
0
0
0
0
0
0
21.6
27.4
34
0
15.5
0
17
0
0
0
0
1.3
0
0
0
0
0
0
5.8
0.5
0
0.8
0.8
0
0
0
0
0
0
0
0
0
0
0
0
1
0
0
0
0
0
0
0
0
0
0
0
0
0
0
0
0
0
0
0
0
0
0
0
2
0
0
0
0
0
0
23.6
0
0
0
0
0
0
0
0
0
0
0
9.7
0
0
0
0
0
0
0
0
0
0
0
0
0
0
0
0
0
0
0
0
0
0
0
0
0
0
0
0
0
0
0
0
0
0
0
0
0
0
0
0
0
0
0
0
0
0
0
0
0
0
0
0
0
0
0
0
0
0
0
0
0
0
0
0
0
0
0
0
0
0
0
0
0
0
0
0
0
0
0
0
0
0
0
0
0
0
0
0
0
0
0
0
0
0
0
0
0
0
0
0
0
0
0
0
0
0
0
0
0
0
0
0
0
0
0
0
0
0
0
0
0
0
0
0
0
0
0
0
0
0
0
0
0
0
0
0
0
0
0
0
0
0
21.6
1.3
0
0
0
2.5
0
0
0
0
0
0
0
0
0
0
0
0
0
0
36.8
0
7.9
6.6
0
0
0
0
0
0
1.3
0
0
2.5
0
0
0
0
0
0
0
14.5
1
0
4.8
0
0
0
87.1
0
0.8
5.8
0
0
0
0
19.1
0
0
0
0
61
0
0
0
0
0
21.8
0
23.1
23.1
23.1
19.3
4.6
3.6
2.5
29.2
0
34.8
0
26.4
0
0
0
0
73.7
33.4
33.4
33.4
21.3
13.7
4.3
4.8
22.1
75.7
34
64.5
4.8
9.9
119.9
46.7
29.7
13
4.3
1
31
47
8.1
29
5.3
15.7
2
1.3
24.9
64.3
0
3
0
14.7
3.3
57.2
66.3
4.8
59.2
11.2
1.3
12.2
2
45.5
55.9
0.8
0.5
0
0
43.2
2
26.2
6.6
0.5
2.5
3.8
0
0
0
0
0
0
0
1.8
0
7.1
0
2
0
0
0
0
0
0
2
0
5.1
0
18.3
33
0
0
0
7.6
0
0
0
0
0
0
0
0
0
0
0
0
0
0
0
0
2.8
11.4
0
0
0
20.6
0.8
7.6
14.7
1
38.1
95
45.7
13.7
2.5
10.2
8.1
0
0
0
0
0
0
0
5.1
19.6
0
0
13.2
0
0
0
0
0
0
0
0
0
0
0
0
11.2
0
0
0
0
0
0
0
0
0
0
0
0
0
0
0
0
0
0
0
0
0
0
0
0
0
0
0
0
0
0
0
0
0
0
0
0.8
0.3
0
0
0
0
0
0
0
0
0
0
0
0
0
0
0
0
0
0
0
0
0
0
0
0
0
0
0
0
0
0
0
0
0
0
0
0
0
0
0
0
0
0
0
0
0
0
0
0
0
0
0
0
0
0
0
0
0
0
0
0
0
0
0
0
0
0
0
0
0
24.9
0
0
0
0
0
0
0
0
0
1.3
0
0
0
0
0
0
0
0
0
0
0
0
14.2
0
0
0
0
0
0
0
0
0
0
0
0
0
0
0
0
0
20.3
20.3
0
0
0
0
0
0
7.5
7.5
12.7
0
2.5
0
5.2
5.2
5.2
0
0
0
0
0
5.8
5.8
0
9.9
0
34.5
0
0
0
9.1
0
11.2
7.1
0
0
0
0
0
0
0
0
0
0
0
0
14
14.2
6.1
0
0
0
37.1
17.5
1.5
2
0
0
0.8
0
0
10.7
40.9
118.4
133.1
6.6
3.8
8.6
0.3
0.3
17.8
0
1.8
0.8
25.4
0
0
0
43.7
1.3
33
0
3
0
0
0
4.6
0
0
12.7
27.9
27.9
27.9
51.3
69.6
69.6
3.3
7.9
2.8
19.3
4.1
2.3
4.8
24.6
0.3
0.3
0.3
1
6.1
19.8
4.6
0
0.8
0
25.4
14.2
69.1
0.5
38.1
80.8
30
83.6
50
0.5
0.3
0
0
0.3
0.3
1.3
0
0
0
0
34.3
58.7
16
3.8
24.9
2.5
0
0
0
15.7
0
0
0
12.2
31.5
0
0
0
0
0
0
0
0
0
0
0
0
0
4.1
0
0
0
0
0
0
0
0
0
0
0
0
0
0
0
0
0
0
0
0
0
0
0
0
0
3.3
0
1.5
0
0
1
0
0
0
0
0
0
0
0
0
0
0
0
0
0
0
0
0
0
0
0
0
0
0
0
0
0
0
0
0
0
0
0
0
0
0
0
0
0
0
0
0
0
0
0
0
0
0
0
0
0
0
0
0
0
0
0
0
0
0
0
0
0
0
0
0
0
0
7.1
0
0
0
0
0
0
0
0
0
0
0
0
0
0
0
0
0
0
0
0
0
0
0
0
0
0
0
0
0
0
0
0
0
0
0
0
0
0
0
0
0
0
0
0
0
0
0
0
2.5
0
0
0
0
0
0
0
0
3
0
0
0
0
0
0
0
0
0
0
0
0
0
0
0
0
0
0
0
0
0
0
0
0
0
0
0
0
0
0
0
0
4.3
0
0
0
0.8
5.8
0
7.4
0
0
2
0
0
0
1.8
0
0
8.9
8.6
0
0
3.8
0
0
0
0
17
0
0
0
0
0
0
0
0
0
0
0.5
0
3
0
0
0
3.6
0
0
0
0
0
8.4
0
0
21.1
0
0
0
0
0
0
13.5
32
0
35.1
35.1
4.6
0
0
0
0
0
0
0
0
0
22.9
9.7
0
27.9
0
0
0
0
0
8.9
0
2
0
0
0
0
0
2.5
2.5
1.5
0
3.3
4.1
20.3
42.2
38.6
15
2.8
1.5
0
0
0
0
0
1.5
0
0
60.7
25.9
78.5
23.1
4.1
0
0
7.1
0
0
0
16
0
44.7
0
15.2
0
10.7
3.6
18
3.3
0.3
29
0
0
0
0
0
0.3
0.5
6.6
4.3
0
6.6
5.1
0
0
0.8
0
25.7
0
0
4.1
0
0
0
0
0
10.9
0
0
0
0
0
0
0.5
0
0
0
0
0
0
0
0
2.8
0
1.8
0
0
0
1
0
5.1
0
2
15.5
0
0
4.1
0
0
0
0
0
3.8
0
0
0
0
0
0
0
0
0
0
0
0
0
0
0
0
0
0
0
0
0
0
0
0
0
0
0
0
0
0
0
0
0
0
0
0
0
0
0
0
0
0
0
0
0
0
5.1
0
0
0
0
0
0
0
0
0
0
0
0
0
0
0
0
0
0
0
0
0
0
0
0
0
0
0
0
0
0
0
0
0
0
0
0
0
0
0
0
0
0
0
0
0
0
0
0
0
0
0
0
0
0
0
0
0
0
0
0
0
0
0
0
0
0
0
0
0
0
0
0.5
0
0
0
0
0
0
0
0
0
0
0
0
0
0
0
0
0
0
0
0
0
0
0
0
0
8.1
0
0
0
16.5
0.5
0
0
0
0
0
0
0
0
0
10.4
0
0
0
0
0
0
0
0
36.1
0
0
0
0
0
0
0
0
0
0
0
1
0
0
0
0
5.3
0
12.4
0.8
0
0
0
0
0
0
0
0
0
0
0
0
0
0
0
0
0
0
5.3
3.6
16.8
22.6
44.2
0.5
51.6
2.8
14.5
4.1
20.6
6.4
0.3
0
14
0
0
0
0
0
0
0
0
0
9.7
4.6
0
4.8
9.1
0
0
0
46.5
0
0
0
0
0
11.4
0
9.9
0
0
24.9
0.8
0
0
0
0
0
9.7
87.4
0
0
0
0
0
0
15.2
10.7
6.6
3.8
16
25.4
3
0
0.5
28.7
0
27.7
2.5
0
3.8
6.9
14.7
43.4
0
8.1
20.6
1.5
2.3
0
40.1
6.4
0
4.8
0
0
8.9
1
0
1.5
40.1
20.6
16.8
11.2
11.7
46
29.5
16.8
17.3
6.1
0
0
0
0
1.8
0
4.8
8.1
0
0
24.1
10.2
0
2.8
54.4
3.3
10.7
2
0.8
0
0
0
0
0
17.5
0
0
14.7
0
1
0
0
0
0
6.1
0
0
15.7
0.8
0.5
0
5.1
0
0
0
0
0
0
0
5.8
0
0
0
0
0
0
0
0
0
0
0
0
0
0
0
0
0
0
0
0
0
0
0
0
0
0
0
0
0
0
11.7
0
0
0
0
0
0
0
0
0
0.3
5.8
0
0
0
0
0
0
0
0
0
0
0
0
0
0
0
0
0
0
0
0
0
0
0
0
0
0
0
0
0
0
0
0
0.5
0
0
0
0
0
0
0
0
0
0
0
0
0
0
0
0
0
0
0
0
0
0
0
0
0
0
0
0
0
1
0
0
0
0
0
0
0
0
0
0
0
0
0
0
0
0
0
0
0
0
0
0
0
0
15.2
0
0
0.8
0
7.6
0
13.7
0.5
0
0
0
0
0
0
10.2
1
0
0
0
0
0
0
0
0
0
0
0
0
0
13
0
0
26.2
0
0.8
0
1.5
19.8
2.5
0
0
0
0
0
0
0
0
0
0
0
0
0
0
0
0
0
0
0
1.5
0
1.8
0
3.8
0
5.6
0
0
3
0
0
0
14
0
2.3
3.8
6.1
4.6
9.7
0
19.3
3.8
14.2
1.3
2.5
5.8
32.8
7.9
2.5
6.4
28.7
13
6.6
3.8
0.8
0
22.4
8.1
1.3
4.8
8.4
7.4
30
15.5
15.6
15.6
3.8
0
0
0
3
12.2
5.1
17.3
0
7.4
0
8.4
5.6
0
6.4
0
0
0
0
23.4
1.3
0
0
4.1
13.5
0
0
0
32.5
0
21.3
0.5
0
11.2
0
0.8
0.3
0
0
0
0
0
0
0.5
0
4.1
0
0
0
3.8
42.2
0
0.3
1
0
16.8
11.9
28.2
0.5
10.4
62.5
12.2
6.4
9.7
14
26.2
7.1
17
15.5
82.6
104.6
6.4
24.1
39.6
54.6
14.2
10.4
2.8
0
15
21.3
0
0.8
2.8
7.9
6.6
6.4
8.4
1.5
69.1
6.1
0.5
0
0
0
0
0
9.4
36.1
2.5
0
0
0
0
0
3.6
0
0
0.5
14
0
0
0
0
0
0
0
0.5
0.3
14.2
0
0
0
0
6.6
0
0
0
0
0
0.8
0
0
0.5
0
0
0
0
1.5
0.5
0
0
0
0
0
0
0
0
0
0
0
0
0
0
0
0
0
0
0
0
0
0
0
0
0
0
0
0
0.3
0
0
0
2
0
0
0
1
1.8
0
0
0
0.3
0
0
0
0
0
0
0
0
0
0
0
0
0
0
0
0
0
0
0
0
0
0
0
0
0
0
0
0
0
0
0
0
0
0
0
0
0
0
0
0
0
0
0
0
0
0
0
0
0
0
0
0
0
0
0
0
0
0
0
0
0
0
0
0
0
0
0
0
0
0
0
0
0
0
0
0
0
0
0
0
0
0
0
0
0
0
0
0
0
0
0
0
0
0
0
0
0
0
0
0
0
0
0
0
0
0
0
0
0
0
0
0
0
0
0
0
0
0
0
0
0
0
0
0
0
2.3
0
0
0
0
0
13.7
0
0
0
0.5
0
0
0
10.4
0
0
0
0
0
16
0
0
0
0
0
0
0
0
2.5
0.5
1.5
2
0
0
31.8
12.2
0
7.1
0
0
46.2
5.3
61.5
5.3
60.2
26.9
12.4
7.9
22.4
3
0
0
0
0
0
0
0
0
0
0
0
31.8
4.8
14
0
11.7
6.4
0
16
0.5
2.8
5.3
9.4
2
16.5
8.4
3.8
5.8
0
0.5
0
15
24.1
3.8
15.7
6.1
13
2.3
3
0.5
19.3
31.2
69.3
2.8
6.1
21.1
11.9
62.2
24.4
2.5
0
0
24.9
15.7
0
5.3
27.7
0
14.2
10.7
46
0
0
7.1
0
0
0
0
0
0
20.3
11.4
0
1.3
8.9
23.4
6.1
58.7
10.4
64
100.3
6.1
0
0
29.2
17.5
1
40.9
10.9
31.5
107.2
15.5
20.8
0
1
0
0
97.3
74.9
36.3
8.9
40.9
11.4
16.5
0.5
8.6
0.5
5.8
3.8
0
0
0
0
0
1.7
2.1
5
22.4
0
0
0
0.3
1.7
0
0
6.1
0
0
1.7
0
1.4
2.6
0
0
1.2
1.5
0
0.9
0
0
0
0
0
0
11.4
0
0
0
0
0
0
7.4
0
0
0
0
0
0
0
0
0.8
0
0
0
0
0
0
0
0
0
0
0
0
0
0
0
0
0
0
0
0
0
0
0
0.5
76.7
2.5
20.6
0
0
0
0
0
0
5.1
2
0
0
0
0
0
0
0
0
0
0
0
0
0
0
0
0
0.2
0.2
0
0
0
0
0
0
0
0
0
0
0
0
0
0
0
0
0
0
0
0
0
0
0
0
0
0
0
0
0
0
0
0
0
0
0
0
0
0
0
0
0
0
0
0
0
0
0
0
0
0
0
0
0
0
0
0
0
0
0
0
0
0
4.8
0
0
0
0
0
0
0
0
6.4
0
0
0
0
0
0.8
0
0
0
0
0
0
0
0
0
0
0
0
0
0
0
0
0
0
0
0
0
0
0
0
0
0
0
2.3
0
4.1
0
0
0
0
0
15.7
14.5
117.9
0
0
0
56.1
0.5
0
13.5
14.5
14.7
22.6
24.9
32.5
18
2
14.5
5.3
1.3
2
0.8
3.8
0
0
0
0
0
0
0
10.7
6.4
29.2
20.6
0
0
6.4
0
0
0
20.1
0
20.6
3.8
4.8
5.6
8.9
0
33.3
5.8
13
46.5
5.3
34.8
24.1
4.3
2.5
0
4.8
44.8
25.1
43.2
26.6
11.3
12.6
11.8
34.1
65.8
102.1
21.4
50.2
6.5
20.4
3.5
25.1
1.1
0
0
9
4.2
0
0
0
9.2
9.3
6.4
9.5
65.2
0
0
0
11
31.2
0
5.2
0
2
0
0
12
13.6
49
1.2
0.4
0
0
0
0
10.5
25
0
25.4
29.1
16.4
6.2
5.5
10.2
34.2
51.6
8
2.8
6.4
42
32.1
4.2
66
16
24
29.4
1.3
25.1
35.2
50.1
25.1
32.3
25.1
20.4
16.2
6.2
4.1
0
0
0
0
0
0
14.1
14.1
24.5
6.4
0
0
29.2
14.3
6.6
4.1
0
0
0
0
0
0
0
0
0
0
0
0
0
0
11.4
0
0
0
0
0
0
0
0
0
0
0
0
0
1
0
0
0
0
0
0
0
0
0
0
0
0
0
0
0
0
0
0
0
0
0
0
0
0
0
0
0
0
0
0
0
0
0
0
0
0
0
0
0
0
0
0
0
0
0
0
0
0
0
0
0
0
0
0
0
0
0
0
0
0
0
0
0
0
0
0
0
0
0
0
0
0
0
0
0
0
0
0
0
0
0
0
0
0
0
0
0
0
0
0
0
0
0
0
0
0
0
0
0
0
0
0
0
0
0
0
0
0
0
0
0
0
0
0
0
0
0
0
0
0
0
0
0
3
0
0
0
0
0
0
0
0
0
0
0
0
0
0
0
0
0
0
0
0
0
0
0
0
13
3.2
13.5
0
0
0
0
26
0
0
0
0
0
0
0
0
0
0
0
0
0
0
15
0
0
0
0
0
0
14
5
0
0
0
0
0
0
0
15.2
0
0
0
0
16.2
0
0
0
0
0
0
75.4
14.6
0
0
0
10.4
9.8
1
3.4
33.5
63
11
48.1
21.2
0
0
0
0
0
0
17.1
0
0
23.4
0
0
5.5
0
4.2
35.3
41.4
154.2
342.1
41.4
0
11.6
20.1
55.6
13.6
17.9
0
0
19.6
0
0
0
0
0
0.8
0
4.9
61.7
15.4
0
0
0
0
0
0
0
45.7
11.6
2.1
0
8.9
8.9
8.9
10.1
3.6
0.6
4.1
0
0
0
0
0
0
0
0
12
29.1
32.3
0
0
77.2
0
0.4
25.1
61.3
35.4
76.4
4.2
0
0
0
0
0
11.5
9.4
0
27.5
0
0
2.1
8.3
16
0
11.3
15.1
25.1
186.1
4.5
0
36
13.4
33.4
7.1
6.4
7.7
98.5
29.4
38.7
0
0
0
4.4
10.2
0
0
0
7
0
16.4
3.2
0
0
0
13.1
0
0
12.4
0
0
0
0
0
0
0
0
0
0
0
0
0
0
0
0
0
0
53.1
0
4.2
0
4.4
0
0
0
2.6
0
0
0
0
0
0
0
0
0
0
0
0
0
0
0
0
0
0
0
0
0
0
4
0
0
0
0
0
0
0
0
0
0
0
0
0
0
0
0
0
0
0
0
0
0
0
0
0
0
0
0
0
0
0
0
0
0
0
0
0
0
0
0
0
0
0
0
0
0
0
0
0
0
0
0
0
0
0
0
0
0
0
0
0
0
0
20
0
0
0
0
0
0
0
0
0
0
0
0
0
0
0
0
0
0
0
0
0
0
0
0
0
0
0
0
0
0
0
0
0
0
0
0
0
0
0
9
0
0
0
0
0
0
0
0
0
0
0
0
0
0
0
14.2
0
0
0
0
6.2
0
6.4
11
0
0
1.1
0
0
0
0
0
0
0
0
0
0
2
2.4
49.2
0
0
0
0
0
28
14
6
0
0
2.4
0
0
0
0
0
21.4
0
2.4
3
0
0
0
0
0
0
0
0
11.6
44.2
0
55.6
0
30
27
25.8
3.8
12.4
18.4
86.8
11.2
13
2.2
17
0
0
0
20
0
0
3
4
0
0
3.4
20.4
7.2
6.2
2.4
0.4
2.2
20.4
0
0
0
0
0
14.6
13.2
6.4
0
16.8
14.2
26.8
2
7.4
12
5.2
9
11.8
6.2
3.4
18.3
5.4
17.2
13.4
8.2
9.1
61.2
14
52.6
0
0
0
2.2
0
0
0
0
0
0
1.6
0
36.8
5.4
25.4
20.8
0
5.4
0
4.8
0
6.8
11.2
4.4
22.8
23
0
2.2
0
10.6
27.6
3
1.4
0
2.8
3.8
22.6
8.4
40
50
18
0
163.6
27.8
3.8
0.8
19.6
12.8
9.2
32.8
6
42.2
13.4
2.6
18.6
4.2
0
0
14.8
36
3.4
3
0.4
0
0
0
0
0
0
18.6
15.6
0
0
1.6
0
0
0
0
0
0
0
0
1.8
0
0.5
0
0
9
0
1.2
0
0
29.4
0
0
9.6
0
0
0
0
0
0
0
0
0
0
0
0
0
0
0
0
0
0
0
0
0
0
0
0
0
0
0
0
0
0
0
0
0
0
0
0
1.4
0
0
0
0
0
0
0
0
0
0
0
0
0
0
0
0
0
0
0
0
0
0
0
0
0
0
0
0
0
0
0
0
0
0
0
0
0
0
0
0
0.4
0
0
0
0
0
0
0
0
0
0.5
0
0
0
0
0
0
0
0
0
0
0
0
0
0
0
0
0
0
0
0
0
0
0
0
0
0
0
0
0
0
0
0
0
0
0
0
0
0
0
0
0
0
0
0
0
0
0
0
0
0
0
0
0
0
0
0
0
0
0
0
0
0
0
0
4
0
0
0
0
0
0
0
0
0
0
0
0
0
0
0
0
0
0
0
0
0
0
0
0
0
0
0
0
0
4.1
3.5
0
0
0
0
0
5
1
0
0
0
0
0
0
55
0
0
0
0
0.5
64
0
0
0
25
0
0
0
0
6
0
0
3
6.2
0
0
37.2
0
0
10.6
0
0
1.4
34
0
7.4
10
8
0
0
1
0
0
0
0
0
0
0
0
0
2.2
8.8
0
28.6
0
8.6
0
13.8
0
30.4
3.2
14.4
3.6
3.8
4.8
4
27.8
27.6
0
34
25
50
0
0
0
0
0
0
21
0
3.4
0
0
0
0
2.6
0.6
7
2
100.2
60
12
12.4
9.6
26
0
2.5
0
81.8
2.6
4
4.8
1
0
7.4
0
0
7.8
6.4
0
35.8
7.8
3.4
5.6
11.4
25
3
40.4
66.8
26.8
210.8
75
26.8
0
0
55.5
0
4.8
1
24.2
9
31.6
32.6
35.5
27
1
8.8
7.4
0
0
2
0
3
15
0
0
8.4
6.4
6.8
0
0
0
0
0
0
0
0
3.1
27
28.1
38.2
0
0
0
0
0
10.2
0.6
0.4
0
0
0
0
1
26.1
94.4
12.4
0
0
11
0
0
0
0
0
0
0
1.4
3.5
0
0
0
0
0
0
0
0
0
0
0
32
0
1
0
0
0
0
0
0
0
0
0
0
0
0
0
0
0
0
0
0
0
0
0
0
0
0
0
0
0
0
0
0
0
0
0
0
0
0
0
0
0
0
0
0
0
0
0
0
0
0
0
0
0
0
0
0
0
0
0
0
0
0
0
0
0
0
0
0
0
0
0
0
0
0
0
0
0
0
0
0
0
0
0
0
0
0
0
0
0
0
0
0
0
0
0
0
0
0
0
0
0
0
0
0
0
0
0
0
0
0
0
0
0
0
0
0
0
0
0
0
0
0
0
0
0
0
0
0
0
0
0
0
0
0
0
0
0
0
0
0
0
0
0
0
0
0
0
0
0
0
0
0
0
0
0
0
0
1
0
0
0
3
0
1.4
25
0
0
0
0
0
0
0
0
0
0
0
0
0
0
2.7
29.9
0
56
5.8
12.2
0
0
14
0
0
0
0
0
0
66
6
34.2
0
2
0
16.4
2.2
2
0
34
6.3
32
19.8
10
111
0
0
30
3.2
0
0
11
0
0
3
10
0
0
0
34
0.6
1.5
12
5
2
13.3
30
0
25
0
0
8
8
0
0
0
0
6
21
23
20.2
29
4
3.1
0
20
22
13
30.1
0
4.2
2.1
0
0
0
0
0
3.4
8.2
0
0
0
18.2
6
13
0
0.8
31.2
154.6
25
0
10.4
9.4
0
0
0
3.4
0
2
1.8
7
1.2
1.8
0
0
18.2
1
0
0
0
3.2
0
0
0
0
0
0
0
27
0
0
0
0
59.4
4
6
0
2.2
9.4
0
12.4
0.6
0
0
9
0
0
0
0
0
0
6.4
0
0
8.4
0
0
0
0
0
0
0
0
0
0.4
0
0
0
0
0
0
0
0
0
0
0
0
0
0
18.6
1.6
10.6
0
0
0
0
0
0.4
0
0
0
0
0
0
6
0
0
0
0
0
0
0
0
5
0.4
0
0
0
0
0
0
0
0
0
0
0
0
0
0
0
0
0
0
0
0
0
0
0
0
0
0
0
0
3.6
0
0
1.6
0
0
0
0
0
0
0
0
0
0
0
0
0
0
0
0
0
0
0
0
0
0
0
0
0
0
0
0
0
0
0
0
0
0
0
0
0
0
0
0
0
0
0
0
0
0.4
0
0
0
0
0
0
0
0
0
0
4.8
0
0
0
0
0
0
0
0
0
0
0
0
0
0
0
0
0
0
25
0
0
0.4
0
18
0
0
6.5
0
0
0
0
0
0
1
0
0
0
0
7.4
0
0
0.2
0
8
0
0
0
0
0
0
0
0
36.4
0
15
0
0
0
0
0
0
6.4
0
0
0
4
0
0
0
0
0
70
0
0
16
0
0
0
0
21
0
4.6
0
0
0
0
6.2
0
60.5
2.4
0
9
0
0
0
0
1
0
0
0
0
0
0
19.2
0
15
0
7.4
0
85
15.4
0
17.4
0
0
0
37
0
27
0
0
9.4
6.4
57.4
0
2.4
2
0
11
0
1.2
29.4
0
0
3.6
6
5.6
0
0
6.4
0
0
26.2
0
0
1
0.6
0
15.4
0
0
0
0
0
0
0
0.8
0
6
0
0
55
0
0
17.1
35
0
0
4
0
0
60
49
21
2
9
10.6
24
6.2
15.3
10.2
0
11
6.2
4.4
2.6
0
0
305.2
0
0
0
9
10
0
2
17
21.2
0
0
0
0
0
0
0
0
0
2
0
0
0
2.6
0
2.4
0
0
3
0
0
0
0
0
0
4
0
6
0
0
4
1
2
0
0
0
0
0
0
2
0
0
0
0
0
0
0
0
0
0
0
0
0
0
0
0
0
0
0
0
0
0
0
0
0
0
2
0
0
0
0
0
0
0
0
0
0
0
0
0
0
0
0
0
0
0
0
0
0
0
0
0
0
0
0
0
0
0
0
0
0
0
0
0
0
0
0
0
0
0
0
5.2
0
0
0
0
0
0
0
0
0
0
0
0
0
0
0
0
0
0
0
0
0
0
0
0
0
0
0
0
0
0
0
0
0
0
0
0
0
0
0
0
0
0
0
0
0
0
0
0
0
0
0
0
0
0
0
0
0
0
0
0
0
0
0
0
0
0
0
0
0
0
0
0
0
0
0
0
0
23
0
0
0
0
0
0
0
0
0
0
0
0
0
2
0
0
0
0
0
0
0
0
10.6
7
4.8
0
0
0
0
0
1
0
5
0
0
0
0
8
0
5.8
0
0
0
0
0
0
0
0
0
0
0
0
8.8
0
1
0
2
4.4
3.4
0
0
0
0
3
50.2
0
0
7
0
6.4
0
0
0
1
0
0
0
0
0
0
0
9
0
14
0
12.6
3.4
0
9
1
0
57.5
4.6
52.6
31.2
9
11
15.2
5.6
14
6
0
0.5
0.6
0
16.4
4
2
45.5
95.5
4
30.5
2.2
10.5
13.4
24
22.2
43
7
2.2
0.2
0.4
1
32.2
25
57.5
42.7
19.4
25
21
6.8
1.2
23.1
10.2
3
25.5
5
0.6
1
0
17.4
0
0
3
1
34.5
7.4
10.5
0.6
0
0
0
0
1
1.2
0
11.4
32.2
11.2
8.4
18.1
4.2
2.2
7
14.2
1.5
1
0
26
3.5
8.4
6.8
55.5
1
0
0
0
0
2.2
0
0
0
1
0.5
10
0
0
0
0
0
0
0
0
0
0
0
0
0
27.2
4
1
0
0
0
20
0
0
0
0
0
20.5
0
0
0
5
0
1.6
0
0
0
0
0
0
1.2
0
0
0
0
0
0
0
0
0
0
0
0
0
0
2.4
0
0
0
0
0
0
0
0
0
0
0
0
0
0
0
0
0
0
0
0
0
0
0
0
0
0
0
0
0
0
0
0
0
0
0
0
0
0
0
0
0
0
0
0
0
0
0
0
0
0
0
0
0
0
0
0
0
0
0
0
0
0
0
3
0
0
0
0
0
0
0
0
0
0
0
0
0
0
0
0
0
0
0
0
0
0
0
0
5
0
10
1.2
0
0
0
0
0
0
0
0
0
0
0
0
0
0
0
0
0
0
0
0
0
0
0
0
0
0
0
0
0
0
0
0
0
0
0
0
0
0
0
0
0
0
0
0
0
0
0
0
0
0
10
0
0
0
0
0
0
0
0
0
0
11
0
0
0
0
0
0
0
0
0
0
0
0
0
0
0
0
35
0
0
0
0
15
0
0
0
0
8
0
0
6
0
2
0.4
0
0
0
0
0
0
0
0
14.2
10.2
0
0
0
40
0
30.2
0
40.2
51
74
0
0
0
145
0
0
0
0
12
5
0
0
11.2
11.8
25.6
0.8
0.4
46.8
0.3
0.8
19.4
35.5
35.2
76
4.6
3
0.2
0.1
6.1
0.4
8.4
0.1
18.1
7.6
0
25.2
13.2
41.3
85
19.1
37.4
11.7
21.8
0
10.3
13.3
13.3
16.5
33.4
62
22.6
20.2
65.1
8.9
0.2
70.4
101.1
0
3.1
0.1
0
0
7.9
25.9
0.1
0
0.6
0.7
0
0
4.3
40.8
43.8
12.4
119
0
12.8
18.8
0.4
27.9
16.5
12.4
0.1
13.5
0
0.2
1.1
0
0
0
0
0
18.2
0
8.4
23.7
12.8
0
0
0
18.2
30
0
0
0
0
0
0
0
0
0
0
0
0
0
0
13.2
11.2
0
0
0
0
0
0
0
0
0
2.6
12.1
0
0
0
0
0
0
1.4
0
0
0
0
0
0
0
0
0
0
0
0
0
20.9
0
0
0
0
0
0
0
0
0
0
0
0
0
0
0
0
0
0
0
0
0
0
0
0
0
0
0
0
0
0
0
0
0
0
0
0
0
0
0
0
0
0
0
0
0
0
0
0
0
0
0
0
0
0
0
0
0
0
0
0
0
0
0
0
0
0
0
0
0
0
0
0
0
0
0
0
0
0
0
0
0
0
0
0
0
0
0
0
0
0
0
0
0
2
0
0
0
0
0
0
0
2.8
0
0
0
0
5
0
0
0
0
0
0
0
0
0
0
0
0
0
0
0
0
0
1.2
0
6.1
0
0
0
0
177
0
8.6
0
0
0
0
0
0
0
0
0
0
0
0
0
0
0
0
0
0
0
0
0
0
0
0
16
0
0
0
0
0
15
6
1
0
0
0
0
0
35.5
0
0
7
0
0
0
0
0
4
12.2
20
11.6
0
0
6.8
0
6
12.2
7.8
0
94.8
0
35
104
0
9
0
3.8
0
13.8
24.4
7.8
9.8
80
23.2
0
0
0
0
0
0
13.1
0
0
0
9
0
0
15.5
10
0
0.6
0
0
0
0
0
2
1
20.2
10.2
0
35.5
8.5
7.2
0
42
50.5
0
33.1
0
32.2
83.3
28.8
4
11.2
5.5
5.8
6.6
1
9.6
16.4
19
2
0
7.8
0
0
7
1
3
6.8
6.4
7.2
9.8
0
0
7.2
0
6.6
6.4
5
5.4
0
0
25
55
0
0
0
0.2
10.8
4.5
0
64.1
7
10
0
0
24.2
0
50.4
9.2
10.4
0
0
0
0
0
20
5
0
35.5
10.5
12.6
2.2
1
2
1
0.4
18
0
18.2
30
0
0
0
0
0
0
0
0
0
0
0
0
0
0
13.2
11.2
0
0
0
0
0
0
0
0
0
2.6
12.1
0
0
0
0
0
0
0
0
0
0
0
0
0
0
0
0
0
0
0
0
0
0
0
0
0
0
0
0
0
0
0
0
0
0
0
0
0
0
0
0
0
0
0
0
0
0
0
0
0
0
0
0
0
0
0
0
0
0
0
0
0
0
0
0
0
0
0
0
0
0
0
0
0
0
0
0
0
0
0
0
0
0
0
0
0
0
0
0
0
0
0
0
0
0
0
0
0
0
0
0
0
0
0
0
0
0
0
0
0
0
0
0
0
0
0
0
0
0
0
0
0
0
0
0
0
0
0
0
0
0
0
0
0
0
0
0
0
0
12
2.2
0
0
0
0
0
0
0
0
0
0
0
0
0
0
0
0
0
0
0
0
0
0
0
0
0
1
0
0
0
0
0
0
0
0
0
0
0
0
0
0
0
0
0
0
0
0
0
0
0
0
0
0
0
0
0
0
0
0
0
0
0
19.6
30.2
0
11.5
11.5
11.5
0
0
0
0
0
0
0
0
0
0
0
40
65
0
0
16.2
0
0
30.2
11.2
0
0
0
0
0
14
0
10.6
0
0
0
0
0
0
25
0
0
0
0
0
0
6.2
0
45
0
9
0
0
0
10.4
12.8
0
0
0
6.4
0
0
0
8.4
0
0
0
0
2
0
17
75
6
0
8.2
0
0
0
0
0
0
0
0
17
0
2
0
0
0
0
0
3
39
0
0
0
0
37.5
11
4.2
12
103.9
133.9
0
0
12.6
10.5
0
13.2
25.6
46.6
11.2
13.8
11
110.8
11.1
60.2
51.3
18.8
2.2
0.4
0.5
1.4
15.6
0
0
0
0
11.2
0
8.5
5.6
39.4
0
0
3.4
1.5
0
9.4
0
1
0.2
1.2
18
3
0
0
10
0.2
2.4
3.4
6.6
0
1.8
0
0
7.2
5.1
19
0
25.2
0
1.4
0
15
0
0
0
0
0
0
0
0
0
0
0
2.2
0
1
0
0
0
0
0
0
0
0
0
0
0
0
0
0
0
0
0
0
0
0
0
0
0
0
0
0
0
0
0
0
0
0
0
0
0
0
0
0
0
0
0
0
0
0
0
0
0
0
0
0
0
0
0
0
0
0
0
0
0
0
0
0
0
0
0
0
0
0
0
0
0
0
0
0
0
0
0
0
0
0
0
0
0
0
0
0
0
0
0
0
0
0
0
0
0
0
0
0
0
0
0
0
0
0
0
0
0
0
0
0
0
0
0
0
0
0
0
0
0
0
0
0
0
0
0
0
0
0
0
0
0
0
0
0
0
0
0.6
1.6
0
0
3
0
0
0
0
0
0
2.4
0
0
5
0
0
0
0
0
0
0
3
0
0
0
0
0
0
0
9
0
0
0
0
30
19
0
0
0
2.6
0
0
0
0
0
0
0
0
26.2
0
0.2
0
0
25.8
26.6
0
0
2.8
26.6
0
0
15.8
7
15.8
0
36.8
12
0
0
0
0
0
0
0
0
0
0
0
0
0
1
0
0
0
35
3
0
0
0
4
1.2
4
8
8.2
0
0
8.4
17.8
0
16.6
0
36.2
5
0
6.4
19.6
0
15.8
0
0
5.6
17
0
1.2
27.2
0
0
66.6
0
2
4.4
2.4
4.4
36.6
5.6
105
25
0
6.6
0
0
2
1.6
110
0
0
14
30.2
4.2
0
30
25.6
26.4
24.2
28.6
0
0.2
34.2
0
52.4
5
0
0
30.6
35.2
0
25.1
27.4
0
3.4
9.2
5.1
20
0
32.4
5.1
2.3
0.4
2.9
7.8
0
1.2
1.3
0
0.3
8.4
18.7
0
4.4
59.4
0
4
45.4
5.3
19.2
0
0
13.4
0
0
0
0
0
0
0
0
1.2
0
0
0
0
0
0
2
0
0
0
0
0
1.2
0
0.6
0.8
0.9
0
0
0
0
0
0
0.2
0
0
0
0
0
0
0
0
0
0
0
0
0
2.8
0
0
0
0
0
0
0
20.8
0
0
0
0
0
0
0
0
0
0
0
0
0
0
0
0
0
0
0
0
0
0
0
0
0
0
0
0
0
0
0
0
0
0
0
0
0
0
0
0
0
0
0
0
0
0
0
0
0
0
0
0
0
0
0
0
0
0
0
0
0
0
0
0
0
0
0
0
0
0
0
0
0
0
0
0
0
0
0
0
0
0
0
0
0
0
0
0
0
0
0
0
0
0
4.4
5
0
1.4
0
0
0
0
1.6
0
0
26
0
0
0
0
1.4
0
0
0
0
0
0
0
0
0
0
0
0
0
0
0
0
0
0
0
0
0
0
0
0
0
0
0
0
0
1.6
0
0
0
0
0
0
0.4
0
0
0
0
0
0
0
0
0
0
0
14.8
0
0
1.4
0
0
3
0
1
0
0
0
0
0
0
0
10.2
0
3
35.2
0
0
0
0
5
2.2
0.2
0
0
0
0
2.6
0
2
28.8
10
26.8
72.4
0
0
0
42.4
0
0
0
0
0
0
8.4
16.8
0
0
0
0
0
0
0
6.4
0
0
12.6
0
0
0
15.2
0
0
0
0
0
14.2
0
0
26
2
0
0
0
7.1
0
22.4
0
6.6
0
0
2.4
0
2.4
0
0
1.2
2.4
40.5
0.8
0.1
15
0.4
14.2
4.4
7.5
0
3.4
6.4
14.2
2.4
58.6
63.8
1.6
0
0
0
0
1.4
28.4
0
0
0
5.6
0
7
31
9
27
1
30.2
9
0
0
0
64.2
7.2
17.4
1
18
0
0
0
0
4.4
25.8
0
0
0
0
23.1
0.3
1.4
3
0
0
7.4
0
0
0
1.6
0
0
2.2
62.2
7.2
0
0
19
3.4
0
2
0
0
0
0
0
0
0
0
0
0
0
0
0
0
0
0
0
0
0
0
0
0
0
0
0
0
0
0
0
0
0
0
0
0
0
0
0
0
0
28.5
0
0
0
0
0
0
0
0
0
0
0
0
0
0
0
0
0
0
0
0
0
0
0
0
0
0
0
0
0
0
0
0
0
0
0
0
0
0
0
0
0
0
0
0
0
0
0
0
0
0
0
0
0
0
0
0
0
0
0
0
0
0
0
0
0
0
0
0
0
0
0
0
0
0
0
0
0
0
0
0
0
0
0
0
0
0
0
0
0
0
0
0
0
0
0
0
0
0
0
0
0
0
0
0
0
0
0
0
0
0
0
0
0
0
0
0
0
0
0
0
0
0
0
0
0
0
0
0
0
0
0
0
0
0
0
0
0
0
0
0
0
0
0
0
0
0
0
0
0
25.2
0.2
0
0
0
52
0
5.2
0
0
0
0
0
0
2
0
0
0
0
0
0
0
0
0
0.4
11.4
14.2
0
2.2
0
0
19
0
5.4
2
0
0
0
0
0
0
0
9.8
0
25
0
0
4.2
0
0
0
0
0
2.2
0
0
0
26.6
4.2
0
0
7
3.2
0.4
11.2
0.6
1.2
0
24
29.2
8
1.2
2
0
1.2
0
144.2
111
0
98.4
0
0
7.6
0
16.6
33.6
17.6
13.2
0
1.6
6
18.2
5.2
6.6
0
0
0
5.4
2.8
0
0
16
0
9.4
0
10.4
0
0
0
4.8
15.2
0.6
27.6
18.4
8.4
4
0
0
0
0
0
0
6.4
0
12.6
15.2
6.6
2.1
0
0.4
7.6
1.3
1.7
0
14
4.2
1.5
26.6
0.2
6.1
23.3
0
0
3.2
3.4
0
0
6.3
0.4
51
4.9
3.6
0
2.5
1.1
1.1
0
0
0
0
0
0
26.2
34.2
5.4
17
70.2
40.4
0
24.6
0
0
0
0
0
0
0
0
0
0
0
0
0
0
0
0
0
0
0
0
0
0
9.4
0
0
0
0
0
0
0
0
0
0
0
0
0
0
0
0
0
12.6
0
0
0
2.2
0
10.6
0
0
0
5
0
0
0
0
0
0
0
0
0
0
0
0
0
0
0
0
0
0
0
2.4
0
0
0
0
0
0
8.8
1
0
0
0
1.4
0
0
0
0
0
0
0
0
0
0
0
0
0
0
0
0
0
0
2.4
90
37.4
9.6
0
0
0
0
0
0
0
0
0
0
0
0
0
0
0
0
0
0
6.4
0
0
0
0
0
0
0
0
0
0
0
0
0
0
0
0
0
0
0
0
0
0
0
0
0
0
0
0
0
0
1
0
0
0
0
0
0
0
0
0
0
0
0
0.4
0
0
0
0
0
0
12.6
0
0
0
0
0
0
86
4.6
0.4
4.2
0
0
0
7
0
0
0
0
0
0
0
0
0.4
0.4
0
0.6
17.2
0
6.4
0
0
3.8
0
17
1.8
0
0
2.6
31.6
0
0.6
1.2
0
0
0
17.2
1.4
0
0
0
0
0
0
0
0.4
5
0
0
2
0
0
6
1
0
0
0
1.8
0
0
0
0
0
0
0
47.2
1.4
0
0
5.6
0
21.6
0
0
0
1.2
0
0
6
0
11.6
0
20.2
0
0
6.6
0
0
1.6
3.2
25.2
54.2
82.4
35
80.8
8
83.6
0
53
0
0
0
5.6
2.8
0
25
7.2
52.2
53.6
0
6.4
57.2
32.6
25
11.8
10
0
78.4
1.2
8.6
38.2
15.4
22.2
5.6
55.4
9.8
32.2
12.2
10
31.8
5
0
9.8
0
0
0
7.4
1.2
0
0
0
0
0
0
0
8.8
7.8
64.4
6.6
0
0
4
0
2.4
0
29.4
0
0
0
0
0
0
0
9.8
2.8
0
0
0
0
0
0
0
0
3
0
0
1
60
7.2
25
0
0
0
0
0
0
0
0
0
3.2
0
0
0
0
2
0
1.2
0
0.2
0
0
0.6
0
0
0
0
0
0
0
0
0
0
0
0
26.6
1.6
0
0
0
0
0
0
0
0
0
0
0
0
0
0
0
0
0
1.4
0
0
0
0
0
0
0
0
0
0
0.2
0
0
0
0
0
0.2
0
0
0
0
0
0
0
0
0
0
12.2
0
0
0
0
3
0
0
0
0
0
0
0
0.4
0
1.6
0.8
0
0
0
0
0
0
0
0
0
0
0
0
0
0
0
0
0
0
0
0
0
0
0
0
0
0
0
0
0
0
0
0
0
0
0
0
0
0
0
0
0
0
0
0
0
0
0
0
0
0
0
0
0
0
0
0
0
0
0
0
0
0
0
0
0
0
0
0
0
0
0
0
0
1.2
0
0
0
0
0
0
0
0
0
0
0
0
0
0
0
0
0
0
0
0
0
0
0
0
0
0
0
14.4
0
0
5.8
0
2.2
4.4
0
0
0
0
0
0
0
1.4
0
0
1.2
10
0
2.4
0
0
16.6
0
0.2
0
0
25
4.4
0
0
15
47.2
36.4
0
5.4
0
4.2
0
4.4
0
0
0
0
16.4
0
65.4
0
14
20.2
0
35.6
5.2
0
25
6.2
14
0
0
4.2
0.4
12.4
25
0
0
0
11.2
34.4
20
2.2
56.2
0
0
14.8
0
0
0
24
0
2.2
0
3.2
13.8
6.4
0
5.2
3
4.8
6.8
36.4
1.6
0
29.6
6
16.6
15.2
24.6
2.4
0
10.8
0.2
2.2
5
0.2
41.8
80.2
2.2
0
0
0
0
0
0
1.4
2.4
1
0
0
0
4.6
0
0
0
0
0
0
0
0
16.4
6.6
4.8
0
0
2.2
0
2.8
0
0
11.2
1.8
3.6
8
16.4
2.4
6.4
1
8.2
4.2
11
66.6
19.4
0
0
0
9.2
10
1
0
0
0
2
1.8
0
0
0
0
0
0
0
0
1.2
0
0
0
0
0
0
0
0
0
0
0
0
0
0
0
0
0
0
0
0
0
0
0
0
0
0
0
9.9
0
0
0
0
0
2.2
0
0
0
0
0
0
0
0
0
0
0
0
0
0
0
0
0
0
0
0
0
0
0
0
0
0
0
0
0
0
0
0
0
0
0
0
0
0
0
0
0
0
0
0
0
0
0
0
0
0
0
0
0
0
0
0
0
0
0
0
0
0
0
0
0
0
0
0
0
0
0
0
0
0
0
0
0
0
0
0
0
0
0
0
0
0
0
0
0
0
0
0
0
0
0
0
0
0
0
0
0
0
0
0
0
0
0
0
0
0
0
0
0
0
0
0
1
0
0
0
0
0
0
0.8
0
0
0
6.4
0
0
0
0
0
0
7
0
0
0
0
0
0
0
0
8
5.4
0
0
0
4.2
0
0
0
0
0
0
0
0
0
2
0
0
0
106
0
0
0
0
0
0
26
0
0
17.8
0
7
0
0
0
7.8
5.4
0
0
38.4
56.2
0
10.2
8.4
40.2
26
52.2
0
37.2
31
40.6
0
0
0
0
0
19
0
8.2
52.2
60.2
2.8
13.8
1
0
0
0
0
0
6.2
0
0
17.2
15.6
0
52.2
22
41.8
54.6
2.4
34.1
1.6
0
0
0
0
2.2
6
2.8
0
0
0.6
0
0
0
0
0
0
0
0
0
53
8
5.2
5
47
0
70
80.2
2
13.2
14.2
18
0
0
16.2
0
0
88
0
0
20
0
3.2
30
0
0
0
0
0
0
0
0
0
0
0
0
0
26.4
14.2
18
0
0
0
3.4
9.8
25.8
39.2
58.4
0.2
20
6.6
30
50
5
0
62.8
1.2
8.2
0
35.6
6.2
0.6
26.4
12
0
0
2.4
1.2
0
0
0
0
0
0.4
7
0.6
0
0
0.6
0.2
0
0
5.8
0
0
62
5.6
0
0
0
10.8
0
0
2.8
0
1
36.2
8.6
64
0
0
0
0
0
0
0
0
0
0
0
0
0
0
0
0
0
0
0
0
0
0
0
0
0
0
0
0
0
0
0
0
0
0
0
0
0
0
0
0
0
0
0
0
0
0
0
0
0
0
0
0
0
0
0
0
0
0
0
0
0
0
0
0
0
0
0
0
0
0
0
0
0
0
0
0.1
0
0
0.6
0
0
0
0
0
0
0
0
0
0
0
0
0
0
0
0
0
0
0
0
0
0
0
0
0
0
0
0
0
0
0
0
0
0
0
0
0
0
0
0
0
0
0
0
0
0
0
0
0
0
0
0
0
0
0
0
0
0
0
0
0
0
0
0
0
0
0
0
0
0
0
0
0
0
0
0
0.8
0
0
0
0
0
0
0
0
0
0
0
0
0
0
0
0
0
0
0
3.8
0
0
0
0
0
35
0
0
5
0
0
0
0
0
0
0
0
0
0
0
0
0
0
0
0
0
5.2
50.4
0
0
0
0
0
0
0
0
0
0
0
0
0
0
48
0
0
0
8.2
7
11.4
0
0
0
52.2
30.4
0
0
0
0
0
0
0
0
0
0
20.6
0
0
2.5
0
0
0
0
56
0
10
0
0
0
32.2
82.4
0
10.6
25.6
0
0
0
1.2
0
10.4
8.4
6.8
0
0
0
0
0
8.4
0
9.6
10.8
0
3.4
7
0
0
0
0
0
0
0
0
14
0
0
0
0
0
0
0.4
0
0
4.4
0
21.2
0
0
26.2
22.8
12.5
28.2
33.7
3.3
1
0.7
1
34.9
13.4
0.9
2.2
0
6.7
0
8.2
11.5
0
0.7
1.3
0
0
0
0
0
0
1.8
16.7
13.1
0.9
0
14.2
0.6
0
0
0
0
3.8
0
0
0
0
10.4
0
0
5.2
0
0
0
25.4
0
0
0
0
0
0
0
0
0
0
0
0
0
0
0
0
3.2
2.8
16.6
0
0
0
0
0
0
0
0
0
0
0
0
0.8
2
0
0
0
0
0
0
0
0
0
0
0
0
0
0
0
0
0
0
0
0
0
0
0
0
0
0
0
0
0
0
0
0
0
0
0
0
0
0
0
0
0
0
0
0
0
0
0
0
0
0
0
0
0
0
0
0
0
0
0
0
0
0
0
0
0
0
0
0
0
0
0
0
0
0
0
0
0
0
0
0
0
0
0
0
0
0
0
0
0
0
0
0
0
0
0
0
0
0
0
0
0
0
0
0
0
0
0
0
0
0
0
0
1.5
0
0
0
0
0
0
0
0
0
0
0
0
0
0
0
0
0
0
0
0
0
0
0
0
0
0
0
0
0
0
0
0
0
0
0
0
0
0
0
0
0
0
0
0
0
0
0
0
0
0
0
0
5.8
0
0
0
0
0
0
0
0
0
0
0
0
0
0
2.4
0
0
10.6
0
0
0
0
0
0
0
1
11.1
0
0
0.6
23.8
0.2
10.5
1.5
1.2
15.5
108.3
106.1
8.1
4.6
0
2
11.2
1.4
7.9
2.1
0
0.5
15.5
0
0
0.2
0
0
1
0
0
3
23
110
70.8
4
4
0
3.4
12.6
30.8
9.8
0.6
25
0.8
0.6
8.4
0.8
0.4
43
1
12.2
10.2
14
50
48.4
11.2
11.2
5.2
0
0
0
0.3
27
24.1
77.2
3.7
4.6
0.5
1.9
79.1
10
22.7
5.6
21.7
0
14.3
24.9
5.6
0
15.8
5.3
40
33.1
20.5
41.1
39
8.8
20.2
10.2
22.2
6.4
0
8.6
7.8
9.4
0.2
0
0
0
17.6
8.8
7.8
0
0
0
0
0
0
0
0
0
0
0
1.6
0
0
0
0
0
0
0
4.8
1
0
0
0
0
0
7
37.6
22.2
0
0
0
0
0
0.4
0
25
0
0
0
0
0
0
0
8
3.6
0
0
1
0.2
0
0
0
0
0
0
3.4
0
0
0
0
0
0
0
0
0
0
0
0
0
0
0
0
0
0
0
0
0
0
0
0
1
0
0
0
0
0
0
0
0
0
0
0
0
0
0
0
0
0
0
0
0
0
0
0
0
0
0
0
0
0
0
0
0
0
0
0
0
0
0
0
0
0
0
0
0
0
0
0
0
0
0
0.6
0
0
0
0
0
0
0
0
0
0
0
0
0
0
0
0
0
0
0
0
0
0
0
0
0
0
0
0
0
0
0
0
0
0
0
0
0
0
0
0
0
0
0
0
0
0
0
0
0
0
0
0
0
0
0
0
0
0
0
0
0
0
0
0
0
0
0
0
0
0
0
0
0
0
0
0
0
0
0
0
0
0
0
0
0
0
0
0
0
0
0
0
0
0
0
0
0
0
0
0
1.4
0
0
0.2
0
2.4
0
0
0.6
0
0
0
0
12
0
0.6
0.2
0
0
2
1.8
30.8
2.2
0
5.2
0.4
1.2
2.2
17.6
4.1
0
16.2
8.6
6.3
0
0
0
0
0
0
0
0
3
0
0
0
4.2
4.2
0
0
0.5
0.6
0
0
7
4
0
0
0
0
17.8
8.2
10.2
0.8
0
26.8
30.8
3.2
32.8
0
0
0
0
0
0
0
0
6.4
0
7.8
0
0
32.8
0
0
0
0
11.2
2.4
0.4
17.4
0
6.2
22
0
102
2.4
0
0
0
4
0
76.4
21.2
1.4
10.4
0
29
0
0
0
65
0.6
0
0
66.4
76.2
0.6
0
0
14.4
17.4
0
0
0
0
0
4.6
0
0
0
0
0
0
0
0
30.6
4.2
19.6
9.2
0
5.4
0
0
0
0
0
0
0
0
0
4.4
3.8
6.2
0
4.6
0
41.6
98.1
156.2
35.2
0
14.2
15.8
6
8.8
0
0
0
0
0
0
0
0
0
0
0
0
0
0
0
0.1
0
0
0
0
0
0.2
0
2.8
16.1
0.1
0
0
6.2
0
0
0
0.2
1.8
0
0
0
0
0
0
0
0
0
0
0
3.4
0
0
0
0
0
0
0
0
0
0
0
0
0
0
0
0
0
0
0
0
0
0
0
0
0
0
0
0
0
0
0
0
0
0.6
0
0
0
0
0
0
0
0
0
0
2.4
0
0
0
0
0
0
0
0
0
0
0
0
0
0
0
0
0
0
0
0
0
0
0
0
0
0
0
0
0
0
0
0
0
0
0
0
0
0.8
0
0
0
0
0
0
0
0
0
0
0
0
0
0
0
0
0
0
0
0
0
0
0
0
0
24.2
0
0
0
0
0
0
0
0
0
14
0
0
0
0
0
0
0
0
0
0
9.1
13.5
0
0
0
0
0
0
0.4
7.4
0.5
0
0
0
3.7
0
0
0
4.2
3.4
0
0
12.3
0
0
0
0
0
0
0
0
0
0
0
25.4
8
0
11.8
0
0
2.8
0
2.8
0
7
31.1
0
0
12.4
10.2
0
0
0
8.6
0
8.2
1.2
0
0
2.2
0
0
9.4
0
0
0
0
0
0
0
0
0
0
0
0
0
0
0
0
0
50
0
0
0
0
0
0
5
7.6
51.8
8.8
37.8
0.6
0
0
4.4
23
27.8
0
0
19.4
43
0
1.6
22.8
17.8
5.4
34.4
194.7
11
17.6
2
13.7
19
50.6
20
3
0
0
18.2
0
0
24
0
2.6
0
11
0
0
0
0
4.2
12.8
6.8
2.2
0
10.6
3.8
3
0
0
0
0
0
1.2
56.8
1.6
9.6
0
22
2.6
21.6
4.4
17.6
0
5.6
10.4
0
11.4
1.8
0
0
5.1
1.6
0
0
3.5
5.5
5.5
5.9
1.6
1.8
0
0
0
3.4
3.6
0
0
0
0
9.2
0
0
1
0
0.2
0
0
0.4
0
0
0.2
0
0
0
0
0
0
0
0.6
0
0
0
0
0
0
0
0
0
0
0
0
0
0
0
0
22.5
1.2
0
0
0
0
0
0
0
0
0
0
0
0
1.2
0
0
0.4
0
0
0
0
0
0
0
0
0
0
0
0
0
0
0
0
0
0
0
0
0
0
0
0
0
0
0
0
0
0
0
0
0
0
0
0.2
0.4
0
0
0
0
0
0
0
0
0
0
0
0
0
0
0
0
0
0
0
0
0
0
0
0
0
0
0
0
0
0
0
0
0
0
0
0
0
0
0
0
0
0
0
0
0
0
0
0
0
0
0
0
0.3
0
0
0
0
0
0
0
0
0
0
0
0
0
0
0
0
0
104
0
0
0
2.2
0
0
0
0
0
0
0
0
78.6
0
0
0
0
0
3.8
2.6
0
0
0
0
0
0
0
0
0
0
0
0
0
0
0
0
0
0
0
0
0
0
0
0
0
0
0
0
0
0
0
0
0
5.2
3
0
0
0
0
100.2
0
0
14.4
20.2
12.8
50
0
0
40.2
0
3.2
0
0
20.8
0
0
0
0
0
0
0
40.2
0
8
9
0
0
18.4
8.2
0
20.4
0
27.8
5.8
14.6
20.2
7.6
0
20.8
0
30.8
12.6
44
44
18.8
17.6
