57
18.4
23.4
66.2
5.8
9.4
8.6
0
9.6
12.4
0
9.2
8.6
11
61.8
3.4
0
55.8
41.4
5
3.4
1.6
40
18
3.6
0
18.6
42.2
9
3.2
0
0.8
41.6
40.2
96.6
53.5
18.4
18.8
39.6
16.2
56.4
16
4
10.4
6.4
37.2
0
2.4
0
23
0
0
0
26
14.4
3.8
0
0
0
0
0
0
0
0
0
38
14.4
0
8.6
2.4
32
0
30
23
16.2
0
0
1.2
34
1.8
1.4
2.6
23.4
11
5.2
39
0.4
0
5.4
0
0
0.2
5.6
1.2
11.8
0
0
0
0
0
0
1.2
0
0
0
0
1.6
0
9.4
0
0
23
0.4
0.6
14.8
1.6
0.2
0
0
0
4.4
0
0.8
0
1.6
0
0
0
0
6.2
17.8
0.2
0.2
0
0
0
0
0
0
0
0
2
0
0
0
0
0.2
0
1.6
0
0
0.4
0.2
0.2
0
0
0
0
0
0
0
0
0
0
0
0
0
0
0
0
0
0
0
0
0
0
0
0
0.2
0
0
0
0
0.2
0
0
0
0
0
0
0
0
0
0
0
0
0
0
0
0
0
0
0
0
0
0
0
0
0
0
0
0
0
0
0
0
0
0
0
0.2
0
0
0
0
0
0
0
0
0
0
0
0
0
0
0
0
0
0
0
0.6
0.2
0
0
0
0
0
0
0
0
0
0
0
0
0
0
0
0
0
0
0
0
0
0
0.2
0
0
0.2
0
0
0
0
0
0
0
0
0
0
0
0
0
0
0
0
0
0
0
0
0
0
0
27.6
0
0
0
5.6
0
0
0
0.4
1.6
6.4
2.8
1
0
0
11.2
0
0
0
0
0
0
3.6
7.4
0.2
4.6
2.4
37.2
0
0.2
9.4
29.6
15.8
1.2
0
1.4
5.8
18.6
0
0
41.2
0
28.8
56.2
0
20
6.8
0
30.6
15.2
0
0
46.4
10.6
49
0.4
0
0
0
0
0
0
6.4
7.6
0
25.4
153
0.2
0
23.2
0.2
13.4
26.6
21.4
1.4
0
0
0
1.6
8
1.2
16.8
25.8
27.4
1.4
127.4
45.6
33.8
52.6
30
38.4
0.2
0.2
4.4
4.2
12.8
21
7.4
0
0
5.2
7.6
82.6
53.8
26.2
15.2
28.2
65.8
15.8
8
14.8
0.2
28
14
27.2
14.6
62.2
11.6
10.2
0
0.6
0
12.2
0.8
0.2
19
4.8
2.2
1.6
26.6
4.8
6
0
0.4
0
1.2
10.6
25.8
13.2
44.6
0.4
7.4
0
0
9.2
10.6
5.4
0.4
0.2
0
0.2
5
0
0
0
1.2
2.2
0
0
29
0
33.6
0
0
1.4
0
7
6.8
4.2
23.8
14
3.2
12
0
0.2
2.4
0
0
10.4
14.4
2.4
0
0
0
0
0
29.8
4
0.2
0.8
0.2
0
0
0
3
0.2
0
0
9.2
0
0
0
0
0
0
0
0
0
0.6
0
0
0
0
0
3.8
2.4
0
0
0
0
0
0
0
0
0
0.4
0
0
0
0
0
0
0
0
0
0
0
0
20
0
0
0
0
0
0
0
0
0
0
0
0
0
0
0
0
0
0
2
1.4
0
0
0
0
0
0
0
0
0
0
0
0
0
0
0
0
0
0
0
0.2
0.2
0
0
0
1.6
0
0
0
0
0
0
0.2
0
0.2
0.2
0.2
0.2
0
0
0.8
0
0
0
0
0
0.2
0
0
0.2
0
0
0
0
13.2
0
0.4
0.2
0
0
1.2
0
0
0
0
0
0
0
0
0
0
0
0
0
0
0
0
0
9.2
0
0
0
0.8
0
0
0
20.6
8
2.4
0.2
0.2
0
0
0.8
0
0
1.8
0.2
0
0
0.2
19
12.6
3.8
3.8
0
0
0
2.6
0
0
0
0.4
0
0
0
0
1.4
0
23.8
0
6.2
15
22.8
0.2
33.4
4.4
0
0
0
0
0
0
0
0
1.6
3.4
0
0
18.8
15.2
7.4
2
0
0
0
0
0
20
0.6
0.4
1.6
0.6
41
150
10.2
0.4
0
11.4
0
10.4
0.6
0.4
0
3
14
4.6
0
0
0
0.4
1.4
2.4
1.6
0
0
0
0
0
0
1.6
37.8
0
0.4
26.2
5.2
27.4
5.2
0
30
0.4
25.8
0.2
23
10
13.2
31.6
92.4
75.6
31.4
10.4
25.4
22.8
19.2
12.4
20.2
40
0.8
1.8
2
30.2
4.8
21.2
13.4
0
0
0
2.8
0
9
35.4
0.4
4
3.8
13.2
56.8
0.2
27.4
1.1
63.2
1.4
1
15.8
17.4
41.8
17.8
38
15.4
0
3.8
3.8
0.4
0
38.4
10
29.2
19.4
29.8
6.6
14
0.8
0
0.8
9.2
0
7.2
0.4
0
0
14.2
65.6
9.8
5.4
5.4
61.4
0.2
36.6
0.2
9.8
4
1
0.2
0.8
3.8
0
0
0
0
0
0
0
0
0
0
0
0
0
0
0
0.6
0.2
0
0
0
0
0
0
21.4
0
28.2
13.6
0.2
0
0
0
0
0
0
0
0
0
0
0
0
0
0.2
0
0
0
1.2
1.6
0
0
0
0
0
0
0
0
0
0
0
0
0
0
0
0
0
0
0
0
0.2
0.2
0
0.2
0
0
0
0
0.2
0.2
0
0
0
0
0
0
0
0
0
0
0
0
0.2
0.2
0.2
0
0
0
0
0
0
0
0
0
0
0
0
0
0
0
0.2
0
0.2
0
0
0.2
0.2
0
0
0
0
0
0
0
0
0
0
0
0
0
0
0
0
0
0
0
0
0
0
0
0
0
0
0
0
0
0
0
0.6
0
0
0
0.2
0.8
0.4
0
1
0
0
0
9.6
0.8
0
0
0
0
0
0
0
0.2
0
0
0
0
0
0
0
0
0.2
0
0.2
0
0
0
0
0
0
0
0
0
0
0
0
0
0
0
0
0
0
0
0
0.2
0.2
0
0
0
0.2
0
0
0
0
0
0
0
0
0
0
0.2
0
0
0
0
2
23.2
0.6
0
0
0
0
0
0
0
0
12.4
1
0
0
0
0
0
0
0
0
0
0
0
0
0
13.6
7.2
0
0
0
30.2
0
0
6.2
8.6
3
23.2
0
0
4
24.8
0
0
0
0.2
6.6
22.2
2
14
3.4
0
46.8
0
1.6
16.4
0.8
68.4
133
9.2
1.6
0
0
0
0
9.2
0
0
0
0
3.2
0.6
0
0
0.8
0
0
0
0
28.4
4.2
0.2
0
33.4
2.4
0
5.4
3
0.4
21.2
7.4
20.2
32.6
44.4
1.2
18
0.4
13.6
18.8
29.4
2.4
0.4
0
1
11.4
0
53.4
55.4
45
3
0
111
15.4
3.4
0.2
4.6
2.2
0
0.3
70.9
40.2
21.8
28.8
80.2
17
0.4
25
54.4
6.4
0.2
0
0
0
0
0
12.9
8
6.2
0.4
0
0
20
0
0
0.9
8.6
25.6
1
1.4
67
21
0.6
0.2
0.1
0
0
0
0
0
0
2.4
17.4
7.2
0.4
3.4
25.2
6.8
10.6
15
0.8
14.2
0
41.8
0.8
8.6
0
0.1
0
0
0
0
0
0
0
1
0
0
0.1
0.6
0.2
0
0.1
0
0
0
0
0
0
0
0.1
0
0
0
0.1
0
0
0
0
0
0
0
0
0.1
0.2
0
0
0
0
0
0
0
0
0
0
0
0
0
0
0
0.1
0
0
0.1
0
0.1
0.2
0
0
0
0
0
0
0
0
0
0.1
0
0
0
0
0
0
0.1
0.1
0
0
0
0
0
0.2
0.1
0.1
0.1
0.1
0
0.1
0
0
0
0
0
0
0
0
0
0
0
0
0
0
0
0
0
0
0.4
0.2
0
0
0
0
0
0
0
0
0
0
0
0
0
0
0
0
0
0
0
1
0.8
0
0
0
0
0
0
0
0
0
0
0
0
10.8
0
0
4
3.4
0
4.6
0
0
0
37
3.1
16.2
0.3
38
0.2
0
0
0
9.8
20.4
0
0
0
0
0
0
0
7.4
0
3
0
1
0
1
2.8
2.8
43.2
0
9.2
20
1
0
0
2
4.4
16
0
28
1.4
0
4.8
16.8
0
0
6.8
0
7.8
0
0
0.6
6.8
0
0
2.8
0
0
0
0
3.2
4.2
27.4
10.4
1
0
0
0
15.4
25.6
0
0
5.2
26.8
9
15
1
5.4
1.4
0
0
0
0
2.2
0
0
21.6
18.4
27.6
0
0
0
0
0
0
20.4
25.4
6.2
4.3
27.6
5
0
1
23.3
23.8
21.4
17.8
5
3
4.8
1.2
36
2.2
0.6
0
0
1
8.4
29.4
8
0
1
34.8
47.8
28
0
27
0
7.2
11.2
8.4
2.8
29.6
5
14.4
17
0.2
9.6
41
21.4
101
77.6
34.6
9
1.6
45
10.8
14.6
14.8
0
0
3.4
60
118.4
42.2
5
49
113.8
1
0
6.2
4.8
0.2
0
17.8
22
10.8
0
0
19.8
46
8.2
13.4
5
71
32.2
14.8
0
4.8
0
25.2
10.8
9
24
0.6
2
0
4
0
0
0
0
0
0
3.6
2
0
0.2
0
0
0
0
0
1.4
0
0
0
0
0
0
0
4
10.8
4.4
0
0
0
0
0
0
0
0
0
0.8
0
0
0
0.2
0
0
0
0
0
3
1.4
0
0
0
0
0
0
0
0
0
0
0
0
0
0
0
0
0
0
0
0
0
0
0
0
0
0
0
0
0
0
0
0
0
0
0
0
0
0
0
0
0
0
0
0
0
0
0
0
0
0
0
0
0
0
0
0
0
0
0
0
0
0
0.8
0
0
0
0
0
0
0
0
0
0.2
0
0
0
0
0
0
0.2
0
0
0
0
0
0
0
0
0
0
0
0
0.6
2.6
0
0
0
0
0
0
0
69.8
1
0
1.4
0
8.6
0
0
0
0
0
1.2
0
0
0
1.4
33
0.8
0
0
0
0
0
0
1
6.4
0
0
0
0
0
0
0
0
0
0
0
3
0
0
0
0
0
0
0
16.6
0
0
0
0
0
0
0
2
2.8
0.8
0
0
0
0
0
0
0
0
0
0
0
0.2
0
0
2.6
0
15
0
24
30.8
0
2.2
9.4
0
8
0
22
16.8
0
16
1.8
0
0.8
3.8
0
0.8
0
9
0
0
6
2.8
3.4
20.6
4.2
14.6
22
48.5
12
11.4
8.2
0.8
0
0
11.6
1
0
16
0
0
0
0
0
0
6
2.4
0
1
10.6
17.6
0.8
4
40.6
33
26.2
0
1
0
0
0
0
3.6
0
0
0
0
4.8
0
4.2
32.8
0.8
0.2
13.8
0
0
0
6
17
7
8.2
37.2
0
3.8
0.8
9.6
10
1
5
0
24.4
20.8
36.2
17.6
56.8
42.8
1
0
0
4.4
0
0
8
4
0
45
4.4
14.2
0
13.6
0
1.6
6.4
1.4
1
45
0
0
0
1.6
6.4
22.4
10.2
18.6
6.4
7
0
0
21
21.6
4.6
15
0
27.4
0
0
8.4
0
0
0
0
0
2.8
15
0
0
3.4
26.6
61.2
0.6
0
0
0
0
0
0
0
0
0
0
0
0
0
0
0
0
0
0
0
0
1.6
0
0
0
0
0
0
0
0
0
0
0
0
0
0
0
0
0
0
0.2
0
0
0
0
0
0
0
0
0
0
0
0
0
0
0
0
0
0
0
0
0
0
0
0
0
0
0
0
0
0
0
0
0
0
0
0
0
0
0
0
0
0
0
0
0
0
0
0
0
0
0
0
0
0
0
0
0
0
0
0
0
0
0
0
0
0
0
0
0
0
0
0
0
0
0
0
0
0
0
0
0
0
0
0
0
0
0
0
0
0
0
0
0
0
0
0
0
0
0
0
0
0
0
0
0
0
0
0
0
0
0
0
0
0
0
0
0
0
0
0
0
0
0
0
0
4.6
0
0
0
0
0
0
0
0
9.8
0
0.4
0
0
0
20.2
0
0
0
0
0
0
0
0
0
0
0
0
0
18.8
5.4
0
30.6
25
0
0
8
61
28
28.2
12
0
21.4
40
1.2
0
0
0
0
4.8
0
5
3.6
0
0
0
0
0
0
0
10
0
0.8
54.8
0
0
0
0.4
0
0
0
0
19
4.6
0
0
10.4
0
1.2
19.8
0.6
0
0
0.6
1.6
4.2
4.9
0.2
5.8
2.6
49.4
4.8
8.8
11
0
1.2
1.6
3.6
13.2
44
16.4
37.2
4.8
0
15
20.4
84.4
3.4
0
8.4
28
47.4
23.8
27.2
30.6
30.2
0
0
14.4
30.6
13
13.2
79.6
0
49.2
1.8
4.8
0
0
0
0.4
0
23.2
0
1.2
0
3
14.4
3.6
34
18.6
9.4
16.2
1.4
8
13.4
9.2
0
0
0
2.6
0.4
0
7.6
14.4
6.2
2
0
0.4
7.2
1.2
1.6
0
13.2
4
1.4
25.2
0.2
5.8
22
0
0
3
3.2
0
0
6
0.4
48.2
4.6
3.4
0
2.4
1
1
0
6.4
0
0.4
17
0.2
7.4
28.4
18.6
1.2
1.4
12.2
6.2
0.2
0.2
0
0.4
0
0
0
4
0
1
0
0
0
0
0
0
0
0
0
0
0
11
11.6
0
1.2
16.6
6.8
1.2
0
0
0
0
0
1.4
0
0
0
0
0
0
0
2.2
0
0
0
0
0
0
0
0
0
0
0
0.4
0
0
0
0
0
0
0
0
0
0
0
0
0
0
0
0.2
0.4
0
0
0
0
0
0
12
2.4
4.8
0
0
0
0
0
0
0
0
0
0
0
0
0
0
0
0
0
0
0
0
0
0.2
0
25.2
8.2
4.4
0
0
0
0
0
0
0
0
0
0
0
0
0
0
0
0
0
0
0
0
0.8
0
0
0
0
0
0
0
0
0
0
0
0
28.8
7.2
0
0
0
0
0
0
0
0
0
0
0
0
0
0
0
0
0
0
0
0
0
0
0
0
0
0
0
0
0
8.4
0
0
1.4
0
0
13.4
1.6
0
0
0
0
0
0
34.2
6
0.8
0
0
0
0.2
1.6
0
0
0
0
0.4
0
0.2
10.2
15.8
14.4
7.4
0
3.2
0
0
21.4
2.8
20.8
0
3
0
0
0
2
0
0
0
0
0
10.2
50.6
29
0.6
6.2
11.8
0
1.4
10.4
2
1.4
0
0
0.4
0
35
5.6
0.6
0.8
36.6
0.2
0
0
0
0
0
0
0
0
3.4
0
0
5
0
2.4
2.2
0
0.8
0
0
0
0
9.2
11.8
17.2
0
0.6
1
7.8
0
6.2
2.2
7.2
9.6
69
23.6
100.4
28.6
31.2
24.2
32
18
56.4
0
2.2
0
12.6
2.2
23.2
19.4
24.8
22.6
11.6
10.8
0
17.8
5
19.2
22.6
79.6
10.3
11.8
0.8
1
77.4
12.4
17.8
2.4
0.4
16
3.8
46.8
35.2
21.8
7.6
1.6
0
29.4
0.2
12.4
4.8
3.2
0
0
0
0
0
0
0
26
4.2
6.2
0
0
0
0
4.4
25.2
4.4
8
0
10
7.2
0
0.6
0
21.4
0
5.2
0.2
0.4
0
0
0.2
0
0
1.2
1.4
17.6
0
0.6
55.3
16.6
11
0
0
0
0
0
0
0
0
0
0
0
0
12.8
2.2
2.2
1.4
0
0
0
0
0
0
0
0
0
0
0
0
0
0
0
0
0
53
24.8
18.8
0
0
0
0
0
0
0
0
0
0
0
0
0
0
0
0
0
0
0
0.2
0
0
0
0
0
0
0
0
0
0
0
0
0
0
0
0
0.2
0
0
0
0
0
0
0
0
0
0
0
0
0
0
0
0
0
0
0
0
0
0
0
0
0
0
0
0
0
0
0
0
0
0
0
0
0
0
0
0
0
0
0
0
0
0
0
0
0
0
0
0
0
0
0
0
0
0
0
0
0
0
0
0
0
0
0
0
0
0
0
0
0
0
0
2
0
0
0
0
0.2
0
0
0
0
0
0
0
0
0
0
0
0
0
0
0
0
2.6
0
0
2
4.5
0
0
0
0
0
0
0
0
0
0
0
0
0
0
0
18
0
0
0
0
0
0
6
20.2
0
0
0
1.4
0
30.8
0.4
0
12.4
0
10.6
40
0
0
13.8
0
2.6
0.6
0.4
0
0.2
21.6
0
5.2
0
2
0.8
13.4
0
0
0
0.8
0
0
5.6
9.4
6
0.8
7.6
0
0
5.2
0
1
9
4.4
0.8
0.6
30.2
13.8
36.6
37.4
71
9.2
52.8
36.8
11.6
50
0.6
2.4
0.4
3.2
28.4
40.2
0
0
17.6
26.2
10
10.4
0
0
0
1.4
9
0
20.6
0
2.6
0
11
0
0
0
1.2
11.4
0.6
0
1.8
18.4
0
50.2
0
0.6
3.8
0
0
0
16
0
25.4
3.8
50.6
22.4
0.4
6
32.6
0
61
0
0
0
9
45
0
45.8
14
0
0
0
0
0
0
0
0
0
0
1.2
36
5.4
0
2
11.6
10.4
6.2
0
4
0
0
8.6
3
3
4
22.2
0
0.4
12.4
11.6
13
40
7.6
11.8
0
2.4
19.8
0.2
3.6
0
0
23.2
0.6
6
44.6
11.2
1.2
0
0
0
0
0
0
0
0
0
0
10.2
0
0
0
0
0
0
0
0
0
0
0
0
0
0
0
0
0
0
0
0
0
0
0
2.4
3.4
0
0
0
14.6
1.4
0
0.2
0
0
0
0
0
0
0
0
0
0
0
0
0
0
0
0
0
0
0
0
0
0
0
0
0
0
0
0
0
0
0
0
0
0
0
0
0
0
0
0
0
0
0
0
0
0
0
0
0
0
0
0
0
0
0
0
0
0
0
0
0
0
0
0
0
0
0
0
0
0
0
0
0
0
0
0
0
0
0
0
0
0
0
0
0
32.8
38.2
0
0
0.8
0
0
0
0
0
0
0
0
0
0
0
0
0
0
0
0
0
0
2.2
0
0
0
0
0
0
0
0
0
0
0
0
0
5.6
8.8
3.8
0
0
0
0
0
0
0
0
0
0.6
6.8
0.4
0
0
0
0
0.6
4.8
0
15.4
33.2
14.8
31.8
0
2.4
10.4
4
10.2
0
39
0
2.6
14.4
9.4
13.4
23.6
0
0.6
5
0
6.4
15.2
0
0.2
56
13.2
0
0
0
10.4
0.6
0
0
2
8.2
12
0
2
50.4
0
45.4
14
25.8
2.4
25.8
62.8
53
0
0
8.2
14
38.2
0
15.4
15.6
29.2
36.2
2.8
3.8
0
1.6
24
4.2
0
0
0
0
0
44.4
29.2
23.2
21
10
25.4
39.4
2.8
44.6
1
0
0
0
0
4.8
0.8
0
1.4
0
0
0
0.2
0
2
7
0.8
10.2
12.2
11
0
0
33
6
38.4
1.4
25.2
22.2
52.6
21
2.2
39.2
0
0.8
8
1.8
16.2
12.6
0
0
10.4
0
36
36.8
3
16.6
0
14.6
16.8
0
29.6
0
0
0
0
0
27
6
0.6
0
25.4
7.6
50.4
2.6
0.8
71.2
75.4
51.4
1.6
3
41.8
27.8
28.8
2.2
22.2
1
10.2
8
2.6
10.8
0.6
9.2
48.2
11.4
2.4
17.4
0
0
10
11
0
6
0.4
0
1
0
20.4
0
0
2
0
0
0
0
29.1
90.2
22.4
0
17.8
0
2.4
1.2
14
2.6
18.4
11
9.1
15.4
29.8
2.6
0
0
0
0
0
0
0
0
0
0
1.4
0
0
0
0
0
0
0
0
0
0
0
0
0
0.8
0
0
0
0
0
0
0
0
4.8
0
0
0
0
0
0
0
0
0
0
0
0
0
0
0
0
0
0
0
0
0
0
0
0
0
0
0
0
0
0
0
0
0
0
0
0
0
0
0
0
1.2
0
0
5.2
0
0
0
0
0
0
0
0
0
0
0
0
0
0
0
0
0
0
0
0
0
0
0
0
0
0
0
0
0
0
0
0
0
0
0
0
0
0
0
0
0
0
0
0
0
0
0
0
0
0
0
0
0
0
0
0
0
0
0
0
0
0
0
0
0
0
0
0
40.2
0
0
0
0
4.6
14.4
0
0
24.2
0
0
10.4
0
0
0
0
0
0
13.4
0
0
0
11.4
0
0
23.6
0
0
0
0
0
0
3
0
46
0
13.8
0
9
31.8
1
0
0.8
8.8
20
4.6
16.6
0
14.4
13.8
0
0
0
7.2
0.8
2.2
0
0
0
0
0
0
0
0
0
0
0
0
6.6
23.2
20
0
7.4
8
7
17
4
1.6
1.4
0
41.6
17.6
0
23.4
0
0
22.2
0.4
0
2
24.2
2.4
9.4
9.8
0
0
3.2
0
0
0
0
0
0.4
29.2
20.6
29.6
19.8
66.6
117.6
8
1.6
2
6.4
10.4
0
13.2
28.6
26.4
3.4
0.6
0.6
0
0
0
1.2
1
4
0.8
11
21.6
18
35.6
0.2
8.8
8
0
5.6
0
0
0
4
5.2
12.8
5.4
5.2
0
0
19.6
0
1
0
8.8
2.6
0
0.8
30.6
16.8
37.8
45.2
4.4
1.4
1
1.4
46.8
18
1.2
3
0
9
0
11
15.4
0
1
1.8
0
0
0
0
0
0
2.4
22.4
17.6
1.2
0
11.8
5
0
11
1
0.6
15
1.2
2.4
22.6
1.8
2
15.2
4.6
7
2.6
0.4
8
0
0
0
0
0
0
2
9
0
0
0
0
0
0
0
0
0
12.6
8.4
11.2
0
0
0
0
0
0
0
0
0
0
0
0
0.4
26.6
0.2
0
0
0
0
0
0
0
0
0
0
0
0
0
0
0
0
0
0
0
0
0
0
0
0
0
0
0
0
0
0
0
0
0
0.6
0
0
0
0
0
0
0
0
0
0
0
0
0
0
0
0
0.6
0
0
0
0
0
0
0
0
0
0
0
4
0
0
0
0
0
0
0
0
0
0
0
0
0
0
0
0
0
0
0
0
0
0
0
0
0
0
0
0
0
0
0
0
0
0
0
0
0
0
0
0
0
0
0
0
0
0
0
0
0.4
0
0
0
0
0
0
0
0
0
0
0
0
0
0
0
0
0
0
0
0
0
0
0
0
0
0
0
0
0
0
0
0
0
0
0
0
0
0
0
0
0
2
0
0.6
0.2
0
0
0
0
0
0
0
0
13.4
35
0
5.4
0.9
0
0
0
5.6
17.6
0
0
3.2
16.2
0
0
0
0
11.4
0.4
2.2
0
0.4
20
20.8
9.2
17.8
0
0
1
38.2
0.4
16.8
2.4
2
24.8
173.6
170
13
7.4
0
3.2
18
2.2
12.6
3.4
0
0.8
24.8
0
0
0.4
0
0
1.6
0
0
5.8
3
16.2
0.2
4.6
13.8
30.4
2.2
9.4
0
0
0
0
0
0
1
0.6
3.2
0.6
0
0
0
28.6
3.4
52.6
12.8
0
0
5.6
18.2
4.2
0.2
10.6
22
4.5
50.8
20.8
0
7.2
3.4
0.3
0.5
50.4
6.6
0
0
2.2
0
0.8
0
8.6
29.9
0
2.6
0.2
57.4
56.3
4.2
0
0
0
0
18
6.6
2.8
19.5
2
2.8
1.8
7.4
3
0
7
1.4
0
32.4
1.8
3
36
0
13
9
8
19
0
18
28
9
16
9.4
17.8
0
2
4.6
3.2
23
18.8
0
14.2
336.9
204
55.6
23.2
4.8
28.6
14.6
0
0
0
0.4
0
3
8.6
23.6
0
0
2.2
0
0
0
0
0
0.2
0
0
0
0
0
0.8
0
9
51.6
0.4
0
0
19.8
0
0
0
0.8
5.8
0
0
0
0
0
0
0
0
0
0
0
0
0
0
0
0
0
0
0
0
0
0
0
0
0
0
0
0
0
0
0
0
0
0
0
0
0
0
0
0
0
0
0
0
0
0
0
0
0
0
0
0
0
0
0
0
0
0
0
0
0
0
0
0
0
0
0
0
0
0
0
0
0
0
0
0
0
0
0
0
0
0
1.2
0
0
0
0
0
0
0
3.4
0
0
0
0
0
0
0
0
0
0
0
0
0
0
0
0
0
0
5.5
0
0
0
0
0
0
0
0.5
0
0
0
0
0
0
0
0
0
0.6
10.6
0
0
7.8
0
0
0
0
0
0
0
0
0
13.9
20.5
0
0
0
0
0
0
0.6
11.2
0.8
0
0
0
5.6
0
0
0
6.4
5.2
0
0
18.8
0
0
0
0
0
0
0
0
0
0
21.5
30.2
0
0
0
0
0
0
5.6
0
0
0
2.8
0
0
37.7
3.6
15
0
3
10.6
0
0
0
0
0
10
6.6
6.8
15
18.2
0.6
0
17.6
0.4
0
6.8
3.8
74.4
14
0
18.8
70.8
3.2
0
0
0
6.6
0
0
0
0
0
5
7.6
51.8
8.8
37.8
0.6
0
0
4.4
23
27.8
0
0
19.4
43
0
1.6
22.8
17.8
5.4
34.4
194.7
11
17.6
2
13.7
19
50.6
64.8
15.4
0
1
14.8
0.4
0
17.6
0
29.6
10
12.3
0
0
0
0
6.5
10.9
3.2
6.7
4.5
13.6
0
2.3
0
0
2.2
0
0
1.2
56.8
1.6
9.6
0
22
2.6
21.6
4.4
17.6
0
5.6
10.4
0
11.4
1.8
0
0
5.1
1.6
0
0
3.5
5.5
5.5
5.9
1.6
1.8
0
0
0
3.4
3.6
0
0
0
0
9.2
0
0
1
0
0.2
0
0
0.4
0
0
0.2
0
0
0
0
0
0
0
0.6
0
0
0
0
0
0
0
0
0
0
0
0
0
0
0
0
22.5
1.2
0
0
0
0
0
0
0
0
0
0
0
0
1.2
0
0
0.4
0
0
0
0
0
0
0
0
0
0
0
0
0
0
0
0
0
0
0
0
0
0
0
0
0
0
0
0
0
0
0
0
0
0
0
0.2
0.4
0
0
0
0
0
0
0
0
0
0
0
0
0
0
0
0
0
0
0
0
0
0
0
0
0
0
0
0
0
0
0
0
0
0
0
0
0
0
0
0
0
0
0
0
0
0
0
0
0
0
0
0
0.3
0
0
0
0
0
0
0
0
0
0
0
0
0
0
0
0
32.7
83.3
0
0
0
0
0
0
0
5.6
0
0
0
0
0
0
0
0.2
0
3.2
0
0
0
0
0
0
0
0
0
0
0
0
0
0
11.6
0
0
0
16.8
42
0
0
0
0
0
0
0
1.8
0
16.4
0
0
0
0
2.6
0
0
0
7.6
0
0
6.6
11
16.2
2.2
5
0
34.2
0
0
46.6
1.8
0
0
0
26.3
6.2
0
0
1.4
3
45.4
0
0
0.2
8.8
5.8
0
48.2
75.7
10
2.2
17.1
0
0
4.2
52.4
74.6
0.3
0
43.2
1.8
41.4
2.6
25.5
63.4
46.8
72.8
0.8
0
0
0
0
0
0
23.8
2
0.8
0
0
0
12.8
0
2
0.2
9.7
3.3
1.8
0
13.9
42.2
2.6
0
1.6
3.8
0
10.9
2
10.1
1.4
5
23
0
1.2
2.4
3
3.6
2.6
0
10.3
12.8
42.7
3.6
30.7
9.3
13.2
5.8
3.1
63.8
19
82.8
33.2
7.8
23.7
57.3
49
31.9
38.2
89
41.5
15.8
15.9
0
0.1
4.6
7
13
7
3.7
0
14.1
0
0
0
0
8
0.4
0
0
0
0.7
0
0
7.4
1
4
0
1.5
0
0
0
32.3
0
57.9
36.2
2.6
2.3
0
55.5
22.3
0
0
0
0
0
0
0
0
0
0
0
0
0
1.4
0
0
0
0
0
0
0.8
0
0
0
0
5.6
0
0
0
0
0
0
2
0
0
0
0
0
0
0
0
0
0
0
0
0
0
0
0
0
0
0
0
0
0
0
0
0
0
0
0
0
0
0
0
0
0
0
0
0
0
0
0
0
0
0
0
0
0
0
0
0
0
0
0
0
0
0
0
0
0
0
0.2
0
0
0
0
0
0
0
0
0
0
0
0
0
0
0
0
0
0
0
0
0
0
0
0
0
0
0
0
0
0
0
0
0
0
0
0
0
0
0
0
0
0
0
0
0
0
0
0
0
0
0
0
0
3.9
0
0
0
0
0
0
0
0
0
0
0
0
0
0
0
0
0
0
0
0
0
0
0
0
0
0
0.2
0
0
0
0
0
0.1
0
0
0
0
0
0.2
0.1
0
0
0
1
0
0
0
0
0
0.1
0
0
0
0
3.2
0
1.2
6.2
24.3
0
0
5
0
0
0
0
0
0
0
0
0
6.2
17.2
0
0
12.6
4.6
0
0
0
4.1
0.5
0
0
26.4
25.8
0.2
32.8
0.2
4.7
0
3.2
46.5
0
1.9
1
5.8
0.2
0.8
0
0
2.8
0
1.6
19
0
0
33.6
1.6
36.8
13.6
0.2
12.4
39.6
0
7.6
0.1
4.6
12.8
0
16.8
0
0
53.8
0.9
0
20.9
16.5
37.8
95.8
79.6
35.4
30
5.3
28.7
0
21.1
25.4
1.4
0
5.2
16.9
50.6
109.3
30.7
9.3
11.5
0
4.4
3.3
0
0
30.1
3.8
0.7
7.6
0
69.5
30.1
53.8
28
48.9
0.2
12.6
25.2
6.4
15.6
21.6
0.1
0.7
13.3
0.8
0.1
5.9
14.8
90.1
42.7
8.4
72.7
82.6
96.1
73.3
12.2
27.9
2.2
0
0
2
0
0
0
0
1.2
16.4
0.1
0
0
0.7
1.2
0
0
2.7
1
17.6
3.7
43.1
29.8
11.5
17.8
0
1.9
1.4
4.4
1.2
0
0
0.6
0
2
13.1
21.8
20
0
5.8
0
0
0
0
0
0
0
0
0
0
0
1
18
0
0.3
0
0
0
0
0
0.4
8.6
0
0
0
0
3.5
0
0
0
11.4
0.4
0
0
0
0
0
0
0
0
0
0
0
0
0
0
0
0
0
0
0
0
0
0
0
0
0
0.6
0
0
0
0
0
0
0
0
0
0
0
0
0
0
0
0
0
0
0
0
0
0
0
0
0
0
0
0
0
0
0
0
0
0
0
0
0
0
0
0
0
0
0
0
0
0
0
0
0
0
0
0
0
0
0
0
0
0
0
0
0
0
0
0
0
0
0
0
0
0
0
0
0
0
0
0
0
0
1.2
0
0
0
0
4.6
0
0
0.8
0
0
0
0
0
0
0
0
0
0
0
0
0
0
0
0
0
0
0
0
0
0
0
5
0
0.1
0
30.6
38.2
0.4
28
8.8
0
2.6
9.8
3
9.2
0
1.8
0
0.4
28.8
0.2
0
0
0
0
0
1
0
0
0
0
0
2.8
42.6
0.4
0
25
0
0
36.6
0
0
0
18
29.8
0.2
34.4
0
15.8
0
0
0
0
21.4
0
0
0
19.4
0
1.4
12.8
16.6
0
0.6
10.2
44.2
0.2
16
10.8
5.8
5.2
3.4
4.2
86.2
20.4
29.4
19.2
0
0
3.6
3
19.6
0
0
0
0
17.6
68.8
0
4.3
