0.5,0.26829,0.62469,30.029
0.72727,0.325,1.0833,15.174
0.37931,0.48485,0.67064,28.143
0.66667,0.37143,0.32944,64.87
0.58065,0.29032,0.65811,30.458
0.51852,0.28571,0.64345,20.068
0.66667,0.31579,0.60254,20.271
0.64286,0.20588,0.99602,24.618
0.64,0.21622,1.5719,5.8714
0.625,0.23684,0.66655,15.734
0.70833,0.21053,0.44319,17.464
0.6,0.32432,0.58168,26.857
0.48148,0.11429,0.37806,51.502
0.64706,0.22222,0.34162,59.743
0.71429,0.34146,1.0806,13.874
0.62069,0.39394,0.73586,21.099
0.67742,0.32258,0.45408,33.006
0.58065,0.29032,0.48446,24.693
0.66667,0.25714,1.1112,11.896
0.7037,0.25714,1.011,11.45
0.64286,0.23529,0.5832,21.084
0.73077,0.33333,0.16272,180.66
0.67742,0.16129,0.64965,12.326
0.61538,0.19444,0.63448,18.029
0.34783,0.28205,1.1357,8.3322
0.63158,0.37209,0.69759,19.122
0.57143,0.32353,0.90307,23.246
0.7037,0.4,0.5872,21.556
0.51515,0.37931,0.71942,22.885
0.60714,0.35294,0.69198,18.333
0.55172,0.33333,0.60949,31.094
0.59259,0.28571,0.58778,27.411
0.61538,0.30556,1.5738,9.771
0.66667,0.25714,0.45044,36.047
0.7037,0.34286,0.40735,22.957
0.6129,0.22581,0.85797,19.209
0.65385,0.22222,0.79419,17.346
0.64,0.37838,0.67596,13.285
0.63333,0.25,0.70034,13.2
0.59259,0.31429,0.67345,13.622
0.59259,0.34286,0.7491,26.537
0.82143,0.5,0.40113,35.974
0.625,0.22727,0.85096,17.619
0.76667,0.1875,0.61235,19.112
0.75862,0.33333,0.41153,31.398
0.72727,0.31034,1.3693,12.776
0.75758,0.37931,0.53228,31.98
0.58333,0.23077,0.49127,25.618
0.62963,0.28571,0.88926,13.215
0.77778,0.22857,0.80005,20.943
0.65517,0.24242,0.57733,29.972
0.66667,0.17143,0.70922,16.115
0.66667,0.28947,0.77458,17.869
0.66667,0.28571,0.54276,34.875
0.85714,0.23529,0.89903,10.383
0.6875,0.16667,0.76816,14.32
0.7037,0.28571,0.36298,45.049
0.65517,0.39394,0.54235,28.107
0.71875,0.2,0.65911,19.771
0.58621,0.30303,1.2944,8.1407
0.59259,0.28571,0.46127,33.87
0.46154,0.16667,0.6372,24.107
0.72222,0.22727,0.3678,42.19
0.6087,0.33333,0.61813,23.871
0.59259,0.25714,0.49976,45.574
0.8,0.16216,0.29142,69.144
0.57692,0.36111,0.42842,32.929
0.71429,0.17647,0.8075,29.774
0.69231,0.22222,1.3147,15.581
0.61538,0.16667,0.58081,22.633
0.54545,0.25,0.38286,29.835
0.36364,0.075,0.74083,16.026
0.81818,0.2549,0.69004,25.993
0.63636,0.175,0.59159,31.272
0.66667,0.097561,0.62609,20.134
0.5,0.045455,0.17771,162.11
0.63636,0.11765,1.5426,7.6244
0.76923,0.18367,0.75065,17.311
0.52632,0.11628,0.51145,30.28
0.53333,0.12766,0.93037,9.4356
0.57143,0.14583,0.54825,36.686
0.53333,0.14894,0.93884,17.823
0.46667,0.10638,0.93997,18.981
0.5,0.18,0.91496,5.9456
0.33333,0.12766,0.42015,21.183
0.54545,0.058824,1.0853,14.948
0.55556,0.09434,0.35848,44.522
0.6,0.13462,0.44383,52.757
0.53846,0.12245,0.84504,13.891
0.38462,0.081633,0.57907,16.041
0.55556,0.11321,1.5258,7.5551
0.54545,0.058824,0.31127,52.08
0.55556,0.075472,0.27034,33.291
0.55556,0.075472,0.39143,29.72
0.33333,0.056604,0.72855,14.618
0.5,0.10714,0.30569,20.282
0.55556,0.037736,0.53672,14.479
0.57143,0.10909,3.3134,2.3209
0.3,0.038462,0.73441,26.171
0.4,0.052632,0.7927,4.6676
0,0.035088,0.79202,39.33
1,0.066667,0.99834,7.7295
0.33333,0.053571,1.8434,5.9128
0.8,0.087719,0.34996,74.23
0.44444,0.037736,0.23488,141.92
0.5,0.089286,1.1184,7.4548
0.625,0.037037,0.92286,4.7833
0.14286,0.036364,0.44503,5.8423
0.66667,0.016949,0.39088,16.629
0,0,0,0
1,0.04918,0.29654,56.148
0.5,0.017241,0.8138,18.391
0.33333,0.067797,0.66678,8.9384
0.2,0.052632,1.4322,0.90769
0.5,0.017241,1.6917,1.7733
0,0,0,0
0,0.032787,0.55677,17.152
0,0,0,0
1,0.04918,0.32366,10.196
0.5,0.017241,0.74751,13.958
0,0,0,0
0,0,0.51345,44.308
0,0,0,0
0,0,0,0
0,0,0,0
0,0.032787,0.52222,44.522
0,0.066667,1.6708,0.44889
0,0,0,0
0,0,0,0
0,0,1.7941,3.6788
0,0,0,0
0,0,4.9309,7.2603
0.5,0.016667,0.50691,144.31
0,0,0,0
0,0,0,0
0,0,0,0
0,0,0,0
0,0,0,0
0,0,0,0
1,0.016393,288,0.016667
0.5,0.05,0.9831,12.333
0.5,0.034483,0.50327,12.319
0.25,0.017241,6.9104,4.5728
1,0.016667,1.575,6.7091
0.66667,0.016949,0.56232,57.381
0.33333,0.033898,1.9114,4.6911
0,0,0,0
0,0,0,0
0,0,0,0
0,0,1.1201,10.222
0.5,0.016667,2.42,0.22727
0,0,0,0
0,0.04918,0.818,0.815
0,0,0,0
0,0,0,0
0,0,0,0
0,0,0,0
0,0,0,0
0,0,1.0932,7.9127
0.5,0.016667,2.2284,1.7053
0,0,0,0
0,0,0,0
0,0,0,0
0,0,0,0
0,0.032787,4.1089,1.0465
0.5,0.033333,1.5611,1.7723
0.66667,0.016949,0.63433,74.304
0,0,0,0
0,0,0,0
0,0,0,0
0,0,0,0
0,0,0,0
0,0,0,0
0,0,0,0
0,0,0,0
0,0,0,0
0,0,0,0
0,0,0,0
0,0,0,0
1,0.016393,0.57019,35.865
0,0,0,0
0,0,0,0
1,0.016393,0.54423,22.141
0,0,0,0
0,0,0,0
0,0,0,0
0,0,0,0
0,0,0,0
0,0,0,0
0,0,0,0
0,0,0,0
0,0,0,0
0,0,0,0
1,0.016393,40.5,0.022222
0,0,0,0
0,0,0,0
1,0.016393,0.91877,3.3197
0,0,0,0
0,0,0,0
0,0,0,0
0,0,0,0
0,0,0,0
0,0,0,0
0,0,0,0
0,0,0,0
0,0,0,0
0,0,0,0
0,0,0,0
0,0,0,0
0,0,0,0
0,0,0,0
0,0,0,0
0,0,0,0
0,0,0,0
0,0,0,0
0,0,0,0
0,0,0,0
0,0,0,0
0,0,0,0
0,0,0,0
0,0,0,0
0,0,0,0
0,0,0,0
0,0,0,0
0,0,0,0
0,0,0,0
0,0,0,0
0,0,0,0
0,0,0,0
0,0,0,0
0,0,0,0
0,0,0,0
0,0,0,0
0,0,0,0
0,0,0,0
0,0,0,0
0,0,0,0
0,0,0,0
0,0,0,0
0,0,0,0
0,0,0,0
0,0,0,0
0,0,0,0
0,0,0,0
0,0,0,0
0,0,0.74691,0.73636
0,0,0,0
0,0,0,0
0,0,0.35465,9.7983
0.25,0.017241,3.7813,0.58182
0,0,0,0
0,0,0,0
0,0,1.9845,0.26875
0,0,0,0
1,0.016393,2.6122,3.0625
0,0,0,0
0,0,0,0
0,0,0,0
0,0,0,0
0,0,220.5,0.0047619
0,0,0,0
0,0,0,0
0,0,5.2488,0.7716
0.5,0.016667,42.32,0.1087
0,0,0,0
0,0,35.342,0.32115
0,0,0,0
0,0,0,0
0,0,0.74854,5.9672
0,0.033898,0.95858,7.5111
0,0.033333,0.57883,7.3424
0.5,0.033333,0.69769,35.211
0,0.033898,0.70862,7.056
0.5,0.033333,5.4724,1.2061
0.33333,0.016949,1.9059,5.378
0.5,0.083333,1.2942,10.92
0.16667,0.071429,1.2056,6.2544
0,0,0,0
0,0,0,0
0,0.032787,1.5313,5.4857
0.5,0.083333,1.3139,1.5729
0.16667,0.053571,0.90622,2.6759
0.5,0.034483,1.661,1.0085
0,0.034483,0.84745,4.071
0,0.083333,1.6118,1.3897
0,0.035088,364.5,0.0037037
0,0.066667,5.2503,1.3571
0.75,0.086207,0.78409,17.728
0.25,0.018519,0.35019,82.052
0.66667,0.11864,0.61294,7.3417
0.22222,0.11321,1.1789,9.2566
0.125,0.16667,0.75949,11.732
0.1,0.11538,0.98998,12.554
0.28571,0.10909,0.3905,20.103
0.375,0.018519,0.89971,2.7787
0,0.034483,782.95,0.01769
0,0.083333,1.0664,3.601
0.4,0.070175,1.83,12.678
0.66667,0.053571,1.6801,2.2872
0.42857,0.036364,1.0689,12.911
0.2,0.087719,1.2382,16.624
0.33333,0.035714,0.9487,3.1622
0,0.12069,1.0435,7.4062
0.42857,0.072727,0.62416,10.231
0.57143,0.072727,0.60477,20.297
0.25,0.16667,0.61453,10.074
0.36364,0.15686,0.66764,6.3532
0.25,0.12,0.72426,11.307
0.33333,0.13208,1.4014,12.745
0.3,0.13462,0.50058,22.814
0.3,0.17308,0.1332,101.23
0.66667,0.14,1.0714,9.4581
0.4,0.10638,0.56224,11.528
0.18182,0.15686,0.76788,14.312
0.2,0.13462,1.6142,3.8477
0.33333,0.16981,0.69385,16.574
0.16667,0.14,0.39605,15.458
0.22222,0.16981,0.27429,33.806
0.090909,0.11765,0.97286,21.674
0.28571,0.21818,0.86079,8.1238
0.35714,0.22917,0.15377,94.053
0.375,0.15217,0.80982,10.8
0.46154,0.2449,0.62188,18.278
0.5,0.25,0.70333,12.597
0.2,0.30952,0.71424,21.891
0.41176,0.13333,1.4056,5.954
0.46154,0.22449,0.72044,9.2591
0.35294,0.17778,1.1918,4.2972
0.57143,0.125,0.37936,9.9603
0.57143,0.1875,0.46225,20.004
0.23529,0.2,0.65296,24.268
0.30769,0.2449,0.26512,61.388
0.375,0.15217,2.309,5.5534
0.46154,0.18367,0.31416,29.517
0.33333,0.21277,1.8191,2.8182
0.46667,0.19149,0.69087,11.417
0.4375,0.26087,0.89257,7.8838
0.52632,0.25581,0.82358,20.035
0.38095,0.31707,0.88857,9.4373
0.42857,0.097561,0.48363,29.775
0.61538,0.16327,0.47468,33.865
0.4375,0.28261,1.4828,9.3911
0.4,0.35714,0.82757,7.4025
0.34783,0.15385,1.1048,10.681
0.28571,0.16667,0.64156,33.85
0.58333,0.2,0.66867,15.386
0.41176,0.17778,1.1287,7.0581
0.6,0.21277,0.37956,31.879
0.57895,0.18605,0.98215,9.4476
0.42105,0.27907,0.65993,27.382
0.4,0.16667,0.93796,11.678
0.6,0.31915,0.39674,26.77
0.41667,0.31579,1.2526,9.1517
0.40909,0.3,0.64061,21.483
0.38095,0.2439,0.79508,15.722
0.44444,0.27273,0.26602,70.709
0.3,0.14286,0.60192,34.819
0.66667,0.22,0.47684,19.713
0.42105,0.2093,0.46427,28.368
0.52941,0.31111,0.39915,21.437
0.6087,0.25641,0.73338,14.351
0.54167,0.15789,0.45039,22.939
0.42105,0.2093,0.82543,18.158
0.47059,0.33333,0.97502,19.206
0.3913,0.30769,0.61846,26.594
