0.33113,0.64268,8.9749
0.35762,0.45822,16.347
0.31788,0.38299,22.439
0.38411,0.50376,15.059
0.38411,0.55807,11.882
0.39073,0.71406,9.1836
0.37748,0.26549,26.796
0.37748,0.094673,73.42
0.40397,0.51204,10.85
0.38411,0.13354,53.657
0.36424,0.29341,19.706
0.38411,0.25807,50.1
0.36424,0.16416,67.794
0.39073,0.41323,19.761
0.37086,0.20168,32.096
0.41722,0.43457,15.48
0.47682,0.14275,61.674
0.4106,0.46016,20.652
0.37086,0.3168,31.538
0.40397,0.31161,18.545
0.43046,0.4093,20.696
0.45033,0.31447,33.338
0.4106,0.30485,43.608
0.38411,0.35914,25.295
0.39735,0.45972,14.357
0.42384,0.37835,23.383
0.45033,0.49486,19.723
0.39735,0.3765,22.147
0.35762,0.43402,20.792
0.37086,0.34844,26.495
0.39073,0.19397,58.448
0.36424,0.40836,27.582
0.37748,0.4331,25.386
0.38411,0.12404,95.383
0.35762,0.16228,49.354
0.39073,0.22481,44.059
0.42384,0.11237,74.727
0.44371,0.33617,27.247
0.49669,0.43397,20.539
0.42384,0.21306,67.903
0.47682,0.16372,73.093
0.49669,0.28619,38.072
0.50993,0.38555,22.512
0.45033,0.49882,16.787
0.38411,0.45034,21.103
0.43709,0.49526,14.006
0.50331,0.32762,29.603
0.4702,0.23558,41.289
0.46358,0.36149,26.177
0.47682,0.20676,39.847
0.45695,0.30375,27.249
0.56291,0.45417,17.335
0.43046,0.23427,37.215
0.38411,0.25762,36.066
0.42384,0.3503,23.163
0.41722,0.13927,87.443
0.41722,0.26409,40.811
0.36424,0.28513,26.986
0.42384,0.53116,12.176
0.40397,0.30323,32.443
0.45695,0.29714,30.553
0.50993,0.48821,16.887
0.4106,0.28174,36.531
0.41722,0.37545,22.758
0.47682,0.39602,20.818
0.43046,0.42116,26.25
0.4106,0.45206,22.271
0.35099,0.25485,51.862
0.45033,0.26069,35.562
0.42384,0.16936,72.534
0.4106,0.5397,19.297
0.4106,0.20066,32.296
0.39735,0.27517,15.827
0.48344,0.58128,15.971
0.45033,0.46814,28.196
0.48344,0.16451,35.132
0.37748,0.33614,29.708
0.48344,0.34949,29.436
0.52318,0.25362,39.888
0.45033,0.35974,28.897
0.45695,0.27446,25.199
0.37748,0.31226,31.631
0.36424,0.31861,49.574
0.43046,0.20111,54.787
0.45033,0.37889,27.903
0.41722,0.5817,13.461
0.47682,0.09911,107.72
0.46358,0.23961,29.96
0.43046,0.2956,27.105
0.43709,0.33208,28.817
0.45033,0.35652,20.125
0.45695,0.33002,28.018
0.44371,0.21206,48.544
0.41722,0.25862,46.83
0.45695,0.39778,19.882
0.39073,0.20598,67.638
0.4106,0.33402,31.851
0.46358,0.37772,20.049
0.39735,0.59977,17.026
0.42384,0.35057,24.75
0.43046,0.24398,49.751
0.38411,0.21879,43.508
0.4106,0.38445,24.186
0.47682,0.33056,22.575
0.47682,0.4413,15.988
0.40397,0.32043,38.171
0.39073,0.44137,23.36
0.42384,0.31819,25.53
0.39073,0.23243,36.447
0.40397,0.48655,20.624
0.43709,0.23115,32.971
0.4106,0.4178,22.87
0.36424,0.4737,23.502
0.39735,0.44492,20.165
0.43046,0.47601,17.883
0.47682,0.46095,15.168
0.41722,0.3381,33.563
0.4106,0.26398,53.486
0.42384,0.23324,62.086
0.4702,0.25428,47.702
0.46358,0.16539,68.479
0.48344,0.30395,33.738
0.49669,0.3357,26.877
0.39073,0.36007,27.038
0.42384,0.23595,34.575
0.43046,0.30528,42.442
0.4702,0.42358,24.164
0.44371,0.20096,44.509
0.39073,0.26587,20.585
0.38411,0.19663,37.072
0.39073,0.15344,49.43
0.39073,0.36855,19.9
0.37748,0.24339,44.611
0.36424,0.3268,30.427
0.44371,0.41838,24.519
0.44371,0.28139,28.833
0.43046,0.38573,20.146
0.43046,0.49227,12.685
0.43046,0.23415,34.166
0.39073,0.38849,29.14
0.50993,0.4898,17.55
0.41722,0.43438,22.1
0.42384,0.18672,29.866
0.39073,0.33358,18.571
0.38411,0.5111,27.422
0.41722,0.28909,47.896
0.40397,0.18345,39.024
0.45033,0.15775,70.028
0.43709,0.25916,42.071
0.45033,0.25891,28.751
0.42384,0.35898,17.915
0.44371,0.26839,26.743
0.35099,0.56678,16.595
0.4702,0.26468,32.189
0.42384,0.31813,34.695
0.42384,0.30037,34.192
0.43046,0.33819,29.483
0.45695,0.44736,22.668
0.44371,0.43183,20.938
0.37748,0.31811,38.324
0.45695,0.42513,29.856
0.49669,0.3006,38.794
0.41722,0.35009,36.988
0.4702,0.54326,16.673
0.41722,0.4091,14.957
0.42384,0.35009,41.632
0.44371,0.34582,41.951
0.41722,0.51301,20.446
0.41722,0.26413,23.551
0.41722,0.50598,17.323
0.39735,0.35005,32.267
0.4106,0.28199,33.408
0.40397,0.47065,28.346
0.44371,0.36204,35.895
0.41722,0.28593,33.608
0.39735,0.32938,33.857
0.35099,0.62491,15.468
0.37748,0.70601,17.583
0.40397,0.3434,24.399
0.33775,0.27583,32.16
0.33775,0.39064,18.13
0.35099,0.51099,20.065
0.35099,0.24825,36.216
0.39073,0.40908,19.917
0.37748,0.40521,14.504
0.31126,0.29519,31.405
0.3245,0.22938,40.268
0.31788,0.068472,111.45
0.31788,0.33037,21.321
0.38411,0.17644,41.911
0.42384,0.30847,22.794
0.43046,0.5029,16.036
0.39073,0.42776,24.063
0.35762,0.17871,38.621
0.33775,0.5318,20.932
0.35099,0.30099,28.535
0.28477,0.39664,24.08
0.33113,0.88815,3.9948
0.33113,0.23106,27.577
0.34437,0.34288,22.894
0.39073,0.38118,19.547
0.35099,0.22308,46.536
0.33113,0.41902,20.238
0.38411,0.42883,23.155
0.37086,0.37018,37.704
0.41722,0.50861,24.043
0.39073,0.3936,34.609
0.42384,0.47381,17.851
0.37086,0.24651,41.943
0.35099,0.23436,32.582
0.2649,0.53011,16.982
0.36424,0.28135,16.925
0.34437,0.22024,45.405
0.29801,0.2368,47.888
0.35099,0.42961,19.32
0.35099,0.53633,10.427
0.3245,0.2516,32.551
0.3245,0.095603,155.53
0.35099,0.2634,40.494
0.33775,0.18778,50.979
0.29139,0.52689,10.452
0.27152,0.65648,7.0702
0.31788,0.53882,14.12
0.3245,0.32157,24.243
0.31126,0.29427,21.17
0.30464,0.3334,14.247
0.3245,0.39275,17.007
0.29801,0.33144,17.56
0.29139,0.58092,9.7181
0.37086,0.17111,37.799
0.33113,0.38693,20.36
0.3245,0.39658,26.631
0.38411,0.30674,24.321
0.27815,0.18991,52.656
0.37748,0.47269,17.381
0.39735,0.56346,12.539
0.38411,0.29731,27.239
0.33775,0.49024,15.699
0.38411,0.23429,27.56
0.43709,0.3605,16.946
0.37086,0.26973,17.657
0.35099,0.16427,47.574
0.3245,0.19242,50.115
0.27815,0.55661,9.3851
0.37086,0.19434,27.29
0.3245,0.3213,20.008
0.29801,0.25735,31.086
0.35762,0.32974,15.557
0.37086,0.24696,25.77
0.33113,0.19262,35.541
0.31126,0.74919,5.6316
0.35099,0.20195,25.739
0.36424,0.15742,50.578
0.39073,0.46389,16.197
0.43046,0.45332,10.544
0.33113,0.30193,16.428
0.35762,0.20813,28.882
0.36424,0.25596,26.488
0.33113,0.41904,20.9
0.38411,0.41128,16.035
0.30464,0.41355,12.774
0.29801,0.36175,12.655
0.39735,0.25786,29.086
0.33113,0.75161,6.8253
0.38411,0.61296,8.8857
0.31126,0.35838,15.531
0.31788,0.57302,17.241
0.39073,0.23097,30.402
0.37086,0.2734,27.713
0.44371,0.57096,9.8315
0.33775,0.3179,29.748
0.34437,0.26827,31.792
0.38411,0.45005,16.676
0.35099,0.34682,16.207
0.37748,0.3868,19.258
0.36424,0.73086,6.7865
0.35099,0.41035,18.64
0.43046,0.1607,48.422
0.37748,0.53778,10.958
0.33775,0.50618,7.8906
0.29139,0.41866,12.735
0.31788,0.38892,16.472
0.37086,0.58545,9.8825
0.35762,0.75771,4.7267
0.41722,0.60612,8.092
0.35762,0.19161,56.916
0.39735,0.2363,29.651
0.36424,0.1779,41.422
0.39073,0.39204,11.971
0.33113,0.43479,22.572
0.35762,0.4056,18.637
0.43046,0.26738,35.559
0.43709,0.279,18.986
0.38411,0.4967,20.622
0.39735,0.19248,46.75
0.39073,0.2996,17.34
0.37748,0.32284,19.58
0.42384,0.20114,37.551
0.35099,0.50017,10.744
0.38411,0.36189,17.147
0.33113,0.47786,9.8982
0.34437,0.25239,30.988
0.33775,0.15816,35.507
0.39073,0.50616,10.635
0.38411,0.66102,7.3215
0.36424,0.67645,6.8782
0.33775,0.30554,21.729
0.39735,0.39295,17.411
0.42384,0.26671,24.482
0.40397,0.26736,25.919
0.43046,0.42741,15.15
0.43046,0.27471,26.199
0.37748,0.13931,93.958
0.39735,0.2684,19.424
0.36424,0.25583,29.856
0.36424,0.43673,28.21
0.44371,0.97446,5.4006
0.42384,0.15696,46.847
0.33113,0.47555,13.408
0.37086,0.71914,10.586
0.43709,0.39895,16.088
0.45033,0.19802,36.263
0.35762,0.28764,47.204
0.4106,0.42547,20.74
0.43046,0.37534,23.63
0.40397,0.61546,9.3785
0.33113,0.57134,9.0629
0.34437,0.54973,10.799
0.33113,0.44883,15.004
0.24503,0.31227,35.269
0.38411,0.21899,41.853
0.39735,0.55249,9.1736
0.37086,0.40477,11.537
0.4106,0.69907,6.2987
0.42384,0.39188,19.553
0.43709,0.28638,25.385
0.35099,0.39083,14.715
0.43709,0.37093,17.287
0.37748,0.26802,26.917
0.33775,0.51068,12.555
0.36424,0.52118,12.862
0.41722,0.26052,32.621
0.50993,0.24412,32.27
0.40397,0.19874,33.935
0.38411,0.52773,12.732
0.34437,0.43819,17.493
0.3245,0.22019,45.972
0.33113,0.33851,17.441
0.33775,0.59464,11.01
0.37086,0.33508,18.412
0.38411,0.38574,17.079
0.37086,0.3318,20.397
0.39073,0.43937,13.517
0.34437,0.45776,13.397
0.3245,0.3199,16.038
0.33113,0.33161,13.015
0.31126,0.36039,17.056
0.31788,0.43116,13.085
0.35099,0.33126,17.663
0.36424,0.46199,11.885
0.36424,0.44456,13.132
0.37748,0.37431,20.435
0.40397,0.34457,22
0.30464,0.49691,18.016
0.37748,0.48937,13.967
