7.98062
8.14563
8.31424
8.48647
8.66231
8.84175
9.02481
9.21148
9.40175
9.59564
9.79314
8.85144
9.0331
8.59577
8.77049
8.94864
9.1302
9.31519
9.5036
9.69542
9.89067
10.0893
10.2914
10.4969
9.14369
9.3315
9.52267
9.71723
9.0815
9.2668
9.4576
9.65388
9.85566
10.0629
10.2757
10.4939
10.4609
10.6843
10.9131
11.0902
11.3287
10.6315
10.8671
10.9471
10.0423
10.2602
10.4833
10.2564
9.66044
9.8663
10.0771
9.9772
10.026
10.2389
9.5317
9.72949
9.93197
10.1392
10.351
10.5676
10.7889
10.3974
10.1462
9.88814
9.57225
9.37973
9.00266
8.73569
8.91431
9.09708
8.81255
8.52285
8.6954
8.669
8.84121
9.0173
9.19728
8.82952
8.36659
8.53531
8.70766
8.64606
8.81504
8.98753
8.1495
8.31068
8.47525
8.6432
8.81453
8.98925
9.16735
9.34883
9.5337
9.72195
9.91359
10.1086
10.307
10.5088
10.714
10.9225
10.1506
9.97962
10.1675
9.82505
10.0121
9.64865
9.82923
9.48056
9.65568
9.83391
8.81664
8.97906
9.14447
9.31288
9.48428
9.65868
9.83608
10.0165
10.1998
10.3862
10.5756
9.77805
9.95471
10.1343
10.3169
10.5024
10.6908
10.8822
11.0766
11.2739
10.7701
10.9642
10.8698
11.0668
11.2667
11.2121
11.4064
11.6035
10.8503
11.0378
10.3453
10.5201
10.6977
10.8782
11.0614
10.367
10.5394
9.45144
9.61038
9.77193
8.72371
8.87392
9.02661
9.18179
9.33946
8.98444
9.13759
9.29315
9.41163
9.02812
9.17942
9.3331
9.49093
9.65332
9.82034
9.99199
10.1683
10.3492
10.2077
10.3871
10.2407
10.4183
10.6002
10.3613
9.82044
9.99131
9.69491
9.86074
10.0305
10.2042
10.0136
10.1821
10.3543
10.5303
10.71
10.2422
9.87359
10.0457
10.2215
10.401
10.3165
10.4985
10.6842
10.8736
11.0667
9.99529
10.1636
10.3355
10.2987
10.4734
10.6516
10.8333
9.93298
10.1104
10.2914
10.465
10.5931
10.7626
8.98467
9.14889
8.79525
8.39313
8.54286
8.69584
8.85205
9.01151
9.1742
8.62656
8.77723
7.99573
8.13567
8.27862
8.42459
7.96674
8.10557
8.24733
8.39202
8.53964
8.6902
8.84368
7.95354
8.09609
7.55778
7.69371
7.83237
7.57846
7.71405
6.88699
7.01448
6.71029
6.83538
6.92049
7.05172
6.77359
6.90678
6.75081
6.88771
7.02915
7.17515
7.32701
7.48503
7.54137
7.70025
7.86509
8.0359
8.21267
8.3954
8.58409
8.77875
8.97936
9.18595
9.39849
9.617
9.84146
10.0719
10.3083
9.02496
9.22832
8.69376
8.19492
7.81825
7.22232
7.3913
7.38225
7.34572
7.30848
7.47163
7.63974
7.81281
6.96997
7.12841
7.29158
7.45946
7.63207
7.19614
7.3559
7.52011
7.68879
7.86192
8.03952
8.22158
7.80307
7.97256
7.43295
7.59502
7.76126
7.93302
8.11063
8.29415
7.88966
8.06485
