727.802
679.801
663.001
579
521.399
494.999
454.199
442.199
442.199
439.799
437.399
437.399
437.399
430.199
430.199
420.599
420.599
420.599
420.599
420.599
420.599
420.599
420.599
413.399
410.999
408.599
408.599
408.599
408.599
386.999
386.999
382.199
367.799
367.799
367.799
355.799
355.799
346.2
346.2
322.2
322.2
312.6
312.6
312.6
307.8
303
303
303
303
303
303
293.4
283.8
283.8
283.8
283.8
283.8
283.8
283.8
283.8
283.8
262.2
257.4
255
255
255
255
252.6
250.2
250.2
250.2
250.2
245.4
245.4
223.8
202.2
202.2
199.8
199.8
199.8
190.2
190.2
190.2
190.2
190.2
190.2
190.2
190.2
190.2
190.2
190.2
190.2
190.2
185.4
185.4
185.4
185.4
185.4
185.4
175.8
175.8
175.8
175.8
175.8
175.8
171
171
171
168.6
168.6
168.6
168.6
168.6
168.6
161.4
161.4
161.4
161.4
161.4
161.4
161.4
156.6
156.6
156.6
156.6
132.6
132.6
132.6
132.6
132.6
132.6
132.6
132.6
132.6
132.6
132.6
132.6
132.6
132.6
132.6
132.6
132.6
132.6
132.6
132.6
132.6
132.6
132.6
132.6
132.6
132.6
132.6
132.6
132.6
132.6
132.6
127.8
127.8
127.8
127.8
123
123
123
123
123
123
123
118.2
118.2
118.2
118.2
118.2
115.8
115.8
108.6
108.6
108.6
108.6
108.6
108.6
108.6
106.2
106.2
106.2
106.2
106.2
106.2
106.2
106.2
106.2
106.2
106.2
103.8
91.8
91.8
91.8
91.8
91.8
89.4
89.4
89.4
89.4
89.4
89.4
89.4
87
87
87
79.8
77.4
77.4
77.4
77.4
77.4
77.4
77.4
77.4
77.4
77.4
77.4
77.4
77.4
77.4
77.4
77.4
77.4
77.4
75
75
75
75
75
75
72.6
72.6
72.6
72.6
72.6
72.6
72.6
72.6
72.6
72.6
72.6
72.6
65.4
60.6
60.6
60.6
60.6
60.6
58.2
58.2
58.2
58.2
58.2
58.2
58.2
58.2
58.2
58.2
58.2
58.2
58.2
58.2
58.2
58.2
58.2
58.2
58.2
58.2
58.2
58.2
58.2
58.2
58.2
58.2
58.2
58.2
58.2
58.2
58.2
58.2
58.2
58.2
58.2
58.2
58.2
58.2
58.2
58.2
58.2
58.2
58.2
58.2
43.8
43.8
43.8
43.8
43.8
43.8
43.8
43.8
43.8
43.8
43.8
43.8
43.8
43.8
43.8
43.8
43.8
43.8
43.8
43.8
43.8
43.8
43.8
43.8
43.8
43.8
43.8
43.8
43.8
43.8
43.8
43.8
43.8
41.4
41.4
41.4
41.4
41.4
41.4
41.4
41.4
41.4
41.4
41.4
41.4
41.4
41.4
41.4
41.4
41.4
41.4
41.4
41.4
41.4
34.2
34.2
34.2
34.2
34.2
34.2
34.2
34.2
34.2
31.8
31.8
31.8
31.8
31.8
31.8
31.8
31.8
29.4
29.4
29.4
29.4
29.4
29.4
29.4
29.4
29.4
29.4
29.4
29.4
29.4
29.4
29.4
29.4
29.4
29.4
29.4
29.4
29.4
29.4
29.4
29.4
29.4
29.4
29.4
29.4
22.2
22.2
22.2
22.2
22.2
22.2
22.2
22.2
22.2
22.2
22.2
22.2
22.2
22.2
22.2
22.2
22.2
22.2
22.2
22.2
22.2
22.2
22.2
22.2
22.2
22.2
22.2
22.2
22.2
22.2
22.2
22.2
22.2
22.2
22.2
22.2
22.2
22.2
22.2
22.2
22.2
22.2
22.2
22.2
22.2
22.2
22.2
22.2
22.2
22.2
22.2
22.2
22.2
22.2
22.2
19.8
19.8
19.8
19.8
19.8
19.8
19.8
19.8
19.8
19.8
19.8
