610.2
485.399
466.199
466.199
466.199
466.199
466.199
466.199
470.999
463.799
463.799
449.399
446.999
446.999
446.999
434.999
434.999
425.399
394.199
394.199
394.199
391.799
384.599
382.199
370.199
367.799
367.799
358.199
358.199
343.8
322.2
310.2
310.2
300.6
300.6
300.6
298.2
298.2
298.2
291
291
274.2
274.2
269.4
269.4
259.8
257.4
257.4
257.4
235.8
231
228.6
228.6
228.6
228.6
221.4
216.6
216.6
216.6
216.6
216.6
216.6
214.2
214.2
214.2
211.8
199.8
199.8
199.8
187.8
185.4
185.4
185.4
185.4
185.4
185.4
185.4
185.4
183
183
180.6
180.6
175.8
175.8
175.8
175.8
175.8
175.8
175.8
168.6
168.6
168.6
168.6
144.6
144.6
144.6
144.6
144.6
144.6
144.6
144.6
144.6
144.6
154.2
154.2
151.8
151.8
147
139.8
139.8
127.8
127.8
127.8
125.4
125.4
125.4
125.4
125.4
125.4
125.4
125.4
125.4
125.4
118.2
118.2
118.2
118.2
118.2
111
111
106.2
106.2
106.2
106.2
106.2
106.2
106.2
106.2
106.2
106.2
106.2
106.2
106.2
106.2
106.2
103.8
103.8
103.8
103.8
103.8
101.4
101.4
101.4
101.4
96.6
96.6
96.6
96.6
96.6
87
87
87
87
87
82.2
82.2
82.2
82.2
82.2
82.2
82.2
82.2
82.2
82.2
82.2
82.2
82.2
82.2
82.2
82.2
82.2
82.2
82.2
82.2
79.8
79.8
77.4
72.6
72.6
72.6
70.2
70.2
70.2
70.2
70.2
70.2
70.2
70.2
65.4
65.4
65.4
65.4
63
55.8
55.8
53.4
53.4
53.4
53.4
53.4
53.4
53.4
53.4
53.4
53.4
46.2
46.2
46.2
46.2
46.2
46.2
41.4
41.4
41.4
41.4
41.4
41.4
41.4
41.4
41.4
41.4
41.4
41.4
41.4
41.4
41.4
29.4
29.4
29.4
29.4
29.4
29.4
29.4
29.4
29.4
29.4
29.4
29.4
29.4
29.4
29.4
29.4
29.4
29.4
29.4
29.4
29.4
29.4
29.4
29.4
29.4
29.4
29.4
29.4
29.4
29.4
29.4
29.4
29.4
29.4
29.4
29.4
29.4
29.4
29.4
29.4
29.4
29.4
24.6
24.6
24.6
24.6
24.6
24.6
24.6
24.6
24.6
24.6
24.6
24.6
24.6
24.6
24.6
24.6
24.6
24.6
24.6
24.6
24.6
24.6
24.6
24.6
24.6
24.6
24.6
24.6
24.6
24.6
24.6
24.6
24.6
24.6
24.6
24.6
24.6
24.6
24.6
24.6
24.6
24.6
24.6
24.6
24.6
24.6
24.6
24.6
24.6
24.6
24.6
24.6
24.6
24.6
24.6
24.6
24.6
24.6
24.6
24.6
24.6
24.6
24.6
24.6
24.6
24.6
24.6
24.6
24.6
24.6
24.6
24.6
24.6
24.6
24.6
24.6
24.6
24.6
24.6
24.6
24.6
24.6
24.6
24.6
24.6
24.6
24.6
24.6
24.6
24.6
24.6
24.6
24.6
24.6
24.6
24.6
24.6
24.6
24.6
24.6
24.6
24.6
24.6
24.6
24.6
24.6
24.6
24.6
24.6
24.6
24.6
24.6
24.6
24.6
24.6
24.6
24.6
24.6
24.6
24.6
24.6
