11
11
7
10
7
12
5
10
10
10
13
7
14
13
12
11
9
9
11
6
1
13
8
11
6
11
10
13
11
11
13
13
13
2
10
9
12
9
8
8
12
12
13
14
12
7
14
14
5
10
13
10
8
14
8
12
9
9
6
11
6
13
14
14
14
13
14
7
7
14
13
4
14
12
10
13
14
14
12
13
14
11
8
14
8
11
7
9
6
7
11
12
5
10
10
12
4
13
9
13
14
13
6
12
14
7
14
11
9
14
7
8
9
9
10
6
8
6
9
10
14
9
11
7
10
12
13
6
8
4
9
12
13
13
13
12
8
11
13
14
7
5
10
9
14
4
14
8
8
13
10
9
8
10
12
9
13
13
14
13
7
13
11
6
12
9
13
14
5
12
9
8
13
14
8
14
7
10
13
14
11
7
9
8
9
10
13
10
6
13
10
9
11
10
14
9
10
11
13
8
9
6
8
11
8
8
13
14
12
14
13
13
7
8
7
7
14
13
14
9
13
12
14
12
8
5
11
13
7
14
7
14
6
7
14
11
14
9
14
8
14
8
14
7
14
9
10
8
8
10
14
6
9
6
8
12
13
7
13
11
7
5
12
11
8
14
7
14
13
14
13
8
13
14
13
13
8
10
14
6
13
12
7
14
13
7
5
13
9
13
13
13
14
7
13
12
8
7
14
6
